"","DIA","membership_no_ptc","membership_ptc","total_membership","accumul_no_ptc","accumul_ptc","accumul_total","membership_1day","membership_3days","membership_5days","membership_occas_total","accumul_1day","accumul_3days","accumul_5days","accumul_occas_total","annual_membership_use","occas_membership_use","total_use","accumul_annual_membership","accumul_occas_membership","accumul_total_use","month","weekday","year"
"1",2014-06-23,47,44,91,47,44,91,2,0,0,2,2,0,0,2,17,79,96,17,79,96,"juin","lundi",2014
"2",2014-06-24,21,19,40,68,63,131,2,1,0,3,4,1,0,5,24,48,72,41,127,168,"juin","mardi",2014
"3",2014-06-25,193,180,373,261,243,504,5,0,1,6,9,1,1,11,105,14,119,146,141,287,"juin","mercredi",2014
"4",2014-06-26,150,113,263,411,356,767,7,0,0,7,16,1,1,18,120,15,135,266,156,422,"juin","jeudi",2014
"5",2014-06-27,185,155,340,596,511,1107,13,1,0,14,29,2,1,32,131,18,149,397,174,571,"juin","vendredi",2014
"6",2014-06-28,153,132,285,749,643,1392,11,1,2,14,40,3,3,46,101,18,119,498,192,690,"juin","samedi",2014
"7",2014-06-29,144,128,272,893,771,1664,22,0,1,23,62,3,4,69,107,33,140,605,225,830,"juin","dimanche",2014
"8",2014-06-30,201,159,360,1094,930,2024,15,0,0,15,77,3,4,84,121,16,137,726,241,967,"juin","lundi",2014
"9",2014-07-01,166,164,330,1260,1094,2354,0,0,0,0,77,3,4,84,124,6,130,850,247,1097,"juillet","mardi",2014
"10",2014-07-02,137,119,256,1397,1213,2610,0,0,0,0,77,3,4,84,128,2,130,978,249,1227,"juillet","mercredi",2014
"11",2014-07-03,85,73,158,1482,1286,2768,0,0,0,0,77,3,4,84,85,7,92,1063,256,1319,"juillet","jeudi",2014
"12",2014-07-04,163,142,305,1645,1428,3073,0,0,0,0,77,3,4,84,121,4,125,1184,260,1444,"juillet","vendredi",2014
"13",2014-07-05,236,155,391,1881,1583,3464,0,0,0,0,77,3,4,84,783,3,786,1967,263,2230,"juillet","samedi",2014
"14",2014-07-06,215,138,353,2096,1721,3817,0,0,0,0,77,3,4,84,1230,5,1235,3197,268,3465,"juillet","dimanche",2014
"15",2014-07-07,223,156,379,2319,1877,4196,0,0,0,0,77,3,4,84,1324,3,1327,4521,271,4792,"juillet","lundi",2014
"16",2014-07-08,184,147,331,2503,2024,4527,0,0,0,0,77,3,4,84,1774,6,1780,6295,277,6572,"juillet","mardi",2014
"17",2014-07-09,153,113,266,2656,2137,4793,0,0,0,0,77,3,4,84,1874,8,1882,8169,285,8454,"juillet","mercredi",2014
"18",2014-07-10,117,108,225,2773,2245,5018,0,0,0,0,77,3,4,84,2266,7,2273,10435,292,10727,"juillet","jeudi",2014
"19",2014-07-11,141,119,260,2914,2364,5278,0,0,0,0,77,3,4,84,2212,2,2214,12647,294,12941,"juillet","vendredi",2014
"20",2014-07-12,173,122,295,3087,2486,5573,0,0,0,0,77,3,4,84,1949,4,1953,14596,298,14894,"juillet","samedi",2014
"21",2014-07-13,148,125,273,3235,2611,5846,0,0,0,0,77,3,4,84,1792,2,1794,16388,300,16688,"juillet","dimanche",2014
"22",2014-07-14,117,113,230,3352,2724,6076,0,0,0,0,77,3,4,84,2311,3,2314,18699,303,19002,"juillet","lundi",2014
"23",2014-07-15,136,90,226,3488,2814,6302,0,0,0,0,77,3,4,84,2537,2,2539,21236,305,21541,"juillet","mardi",2014
"24",2014-07-16,92,100,192,3580,2914,6494,0,0,0,0,77,3,4,84,2673,7,2680,23909,312,24221,"juillet","mercredi",2014
"25",2014-07-17,95,90,185,3675,3004,6679,0,0,0,0,77,3,4,84,2651,8,2659,26560,320,26880,"juillet","jeudi",2014
"26",2014-07-18,103,72,175,3778,3076,6854,0,0,0,0,77,3,4,84,2547,5,2552,29107,325,29432,"juillet","vendredi",2014
"27",2014-07-19,138,118,256,3916,3194,7110,0,0,0,0,77,3,4,84,2359,2,2361,31466,327,31793,"juillet","samedi",2014
"28",2014-07-20,142,104,246,4058,3298,7356,0,0,0,0,77,3,4,84,2371,2,2373,33837,329,34166,"juillet","dimanche",2014
"29",2014-07-21,106,72,178,4164,3370,7534,0,0,0,0,77,3,4,84,2676,3,2679,36513,332,36845,"juillet","lundi",2014
"30",2014-07-22,77,78,155,4241,3448,7689,0,0,0,0,77,3,4,84,2935,4,2939,39448,336,39784,"juillet","mardi",2014
"31",2014-07-23,79,83,162,4320,3531,7851,0,0,0,0,77,3,4,84,2927,5,2932,42375,341,42716,"juillet","mercredi",2014
"32",2014-07-24,104,71,175,4424,3602,8026,0,0,0,0,77,3,4,84,3204,9,3213,45579,350,45929,"juillet","jeudi",2014
"33",2014-07-25,90,65,155,4514,3667,8181,0,0,0,0,77,3,4,84,3084,2,3086,48663,352,49015,"juillet","vendredi",2014
"34",2014-07-26,93,61,154,4607,3728,8335,0,0,0,0,77,3,4,84,2467,0,2467,51130,352,51482,"juillet","samedi",2014
"35",2014-07-27,86,57,143,4693,3785,8478,0,0,0,0,77,3,4,84,2321,0,2321,53451,352,53803,"juillet","dimanche",2014
"36",2014-07-28,64,62,126,4757,3847,8604,0,0,0,0,77,3,4,84,2894,4,2898,56345,356,56701,"juillet","lundi",2014
"37",2014-07-29,66,63,129,4823,3910,8733,0,0,0,0,77,3,4,84,3168,3,3171,59513,359,59872,"juillet","mardi",2014
"38",2014-07-30,75,73,148,4898,3983,8881,0,0,0,0,77,3,4,84,3236,5,3241,62749,364,63113,"juillet","mercredi",2014
"39",2014-07-31,74,62,136,4972,4045,9017,0,0,0,0,77,3,4,84,3365,5,3370,66114,369,66483,"juillet","jeudi",2014
"40",2014-08-01,56,59,115,5028,4104,9132,0,0,0,0,77,3,4,84,3048,6,3054,69162,375,69537,"août","vendredi",2014
"41",2014-08-02,113,102,215,5141,4206,9347,0,0,0,0,77,3,4,84,2533,1,2534,71695,376,72071,"août","samedi",2014
"42",2014-08-03,121,73,194,5262,4279,9541,0,0,0,0,77,3,4,84,2624,0,2624,74319,376,74695,"août","dimanche",2014
"43",2014-08-04,75,64,139,5337,4343,9680,0,0,0,0,77,3,4,84,2813,4,2817,77132,380,77512,"août","lundi",2014
"44",2014-08-05,90,63,153,5427,4406,9833,0,0,0,0,77,3,4,84,2830,6,2836,79962,386,80348,"août","mardi",2014
"45",2014-08-06,66,47,113,5493,4453,9946,0,0,0,0,77,3,4,84,3054,6,3060,83016,392,83408,"août","mercredi",2014
"46",2014-08-07,61,56,117,5554,4509,10063,0,0,0,0,77,3,4,84,2967,5,2972,85983,397,86380,"août","jeudi",2014
"47",2014-08-08,51,63,114,5605,4572,10177,0,0,0,0,77,3,4,84,2907,9,2916,88890,406,89296,"août","vendredi",2014
"48",2014-08-09,84,85,169,5689,4657,10346,0,0,0,0,77,3,4,84,2582,0,2582,91472,406,91878,"août","samedi",2014
"49",2014-08-10,80,82,162,5769,4739,10508,0,0,0,0,77,3,4,84,2687,1,2688,94159,407,94566,"août","dimanche",2014
"50",2014-08-11,56,58,114,5825,4797,10622,0,0,0,0,77,3,4,84,2900,2,2902,97059,409,97468,"août","lundi",2014
"51",2014-08-12,61,78,139,5886,4875,10761,0,0,0,0,77,3,4,84,3008,3,3011,100067,412,100479,"août","mardi",2014
"52",2014-08-13,63,61,124,5949,4936,10885,0,0,0,0,77,3,4,84,3102,9,3111,103169,421,103590,"août","mercredi",2014
"53",2014-08-14,62,50,112,6011,4986,10997,0,0,0,0,77,3,4,84,2791,3,2794,105960,424,106384,"août","jeudi",2014
"54",2014-08-15,67,49,116,6078,5035,11113,0,0,0,0,77,3,4,84,2392,0,2392,108352,424,108776,"août","vendredi",2014
"55",2014-08-16,62,59,121,6140,5094,11234,0,0,0,0,77,3,4,84,2254,0,2254,110606,424,111030,"août","samedi",2014
"56",2014-08-17,76,52,128,6216,5146,11362,0,0,0,0,77,3,4,84,2444,3,2447,113050,427,113477,"août","dimanche",2014
"57",2014-08-18,66,63,129,6282,5209,11491,0,0,0,0,77,3,4,84,2945,5,2950,115995,432,116427,"août","lundi",2014
"58",2014-08-19,67,52,119,6349,5261,11610,0,0,0,0,77,3,4,84,3155,5,3160,119150,437,119587,"août","mardi",2014
"59",2014-08-20,77,83,160,6426,5344,11770,0,0,0,0,77,3,4,84,3358,0,3358,122508,437,122945,"août","mercredi",2014
"60",2014-08-21,79,58,137,6505,5402,11907,0,0,0,0,77,3,4,84,3678,4,3682,126186,441,126627,"août","jeudi",2014
"61",2014-08-22,58,62,120,6563,5464,12027,0,0,0,0,77,3,4,84,3419,0,3419,129605,441,130046,"août","vendredi",2014
"62",2014-08-23,92,79,171,6655,5543,12198,0,0,0,0,77,3,4,84,3158,0,3158,132763,441,133204,"août","samedi",2014
"63",2014-08-24,110,75,185,6765,5618,12383,0,0,0,0,77,3,4,84,3421,1,3422,136184,442,136626,"août","dimanche",2014
"64",2014-08-25,57,66,123,6822,5684,12506,0,0,0,0,77,3,4,84,3556,3,3559,139740,445,140185,"août","lundi",2014
"65",2014-08-26,71,75,146,6893,5759,12652,0,0,0,0,77,3,4,84,3992,1,3993,143732,446,144178,"août","mardi",2014
"66",2014-08-27,77,80,157,6970,5839,12809,0,0,0,0,77,3,4,84,4008,2,4010,147740,448,148188,"août","mercredi",2014
"67",2014-08-28,80,67,147,7050,5906,12956,0,0,0,0,77,3,4,84,4125,6,4131,151865,454,152319,"août","jeudi",2014
"68",2014-08-29,83,78,161,7133,5984,13117,0,0,0,0,77,3,4,84,4255,5,4260,156120,459,156579,"août","vendredi",2014
"69",2014-08-30,92,89,181,7225,6073,13298,0,0,0,0,77,3,4,84,4002,1,4003,160122,460,160582,"août","samedi",2014
"70",2014-08-31,111,86,197,7336,6159,13495,0,0,0,0,77,3,4,84,4323,0,4323,164445,460,164905,"août","dimanche",2014
"71",2014-09-01,112,86,198,7448,6245,13693,0,0,0,0,77,3,4,84,4292,7,4299,168737,467,169204,"septembre","lundi",2014
"72",2014-09-02,105,68,173,7553,6313,13866,0,0,0,0,77,3,4,84,4608,8,4616,173345,475,173820,"septembre","mardi",2014
"73",2014-09-03,94,73,167,7647,6386,14033,0,0,0,0,77,3,4,84,5163,8,5171,178508,483,178991,"septembre","mercredi",2014
"74",2014-09-04,94,77,171,7741,6463,14204,0,0,0,0,77,3,4,84,5334,5,5339,183842,488,184330,"septembre","jeudi",2014
"75",2014-09-05,95,43,138,7836,6506,14342,0,0,0,0,77,3,4,84,4957,1,4958,188799,489,189288,"septembre","vendredi",2014
"76",2014-09-06,148,97,245,7984,6603,14587,0,0,0,0,77,3,4,84,4791,1,4792,193590,490,194080,"septembre","samedi",2014
"77",2014-09-07,156,96,252,8140,6699,14839,0,0,0,0,77,3,4,84,4724,1,4725,198314,491,198805,"septembre","dimanche",2014
"78",2014-09-08,101,95,196,8241,6794,15035,0,0,0,0,77,3,4,84,4917,3,4920,203231,494,203725,"septembre","lundi",2014
"79",2014-09-09,107,72,179,8348,6866,15214,0,0,0,0,77,3,4,84,5209,6,5215,208440,500,208940,"septembre","mardi",2014
"80",2014-09-10,55,38,93,8403,6904,15307,0,0,0,0,77,3,4,84,5297,0,5297,213737,500,214237,"septembre","mercredi",2014
"81",2014-09-11,86,61,147,8489,6965,15454,0,0,0,0,77,3,4,84,5246,7,5253,218983,507,219490,"septembre","jeudi",2014
"82",2014-09-12,98,68,166,8587,7033,15620,0,0,0,0,77,3,4,84,5339,1,5340,224322,508,224830,"septembre","vendredi",2014
"83",2014-09-13,129,95,224,8716,7128,15844,0,0,0,0,77,3,4,84,4827,0,4827,229149,508,229657,"septembre","samedi",2014
"84",2014-09-14,155,102,257,8871,7230,16101,0,0,0,0,77,3,4,84,4978,1,4979,234127,509,234636,"septembre","dimanche",2014
"85",2014-09-15,124,89,213,8995,7319,16314,0,0,0,0,77,3,4,84,5022,7,5029,239149,516,239665,"septembre","lundi",2014
"86",2014-09-16,94,82,176,9089,7401,16490,0,0,0,0,77,3,4,84,5021,2,5023,244170,518,244688,"septembre","mardi",2014
"87",2014-09-17,79,83,162,9168,7484,16652,0,0,0,0,77,3,4,84,4739,1,4740,248909,519,249428,"septembre","mercredi",2014
"88",2014-09-18,101,57,158,9269,7541,16810,0,0,0,0,77,3,4,84,4319,1,4320,253228,520,253748,"septembre","jeudi",2014
"89",2014-09-19,69,79,148,9338,7620,16958,0,0,0,0,77,3,4,84,4858,1,4859,258086,521,258607,"septembre","vendredi",2014
"90",2014-09-20,127,97,224,9465,7717,17182,0,0,0,0,77,3,4,84,5028,2,5030,263114,523,263637,"septembre","samedi",2014
"91",2014-09-21,145,104,249,9610,7821,17431,0,0,0,0,77,3,4,84,4955,0,4955,268069,523,268592,"septembre","dimanche",2014
"92",2014-09-22,94,60,154,9704,7881,17585,0,0,0,0,77,3,4,84,4750,5,4755,272819,528,273347,"septembre","lundi",2014
"93",2014-09-23,97,87,184,9801,7968,17769,0,0,0,0,77,3,4,84,5403,2,5405,278222,530,278752,"septembre","mardi",2014
"94",2014-09-24,77,69,146,9878,8037,17915,0,0,0,0,77,3,4,84,4867,1,4868,283089,531,283620,"septembre","mercredi",2014
"95",2014-09-25,80,77,157,9958,8114,18072,0,0,0,0,77,3,4,84,5904,2,5906,288993,533,289526,"septembre","jeudi",2014
"96",2014-09-26,69,66,135,10027,8180,18207,0,0,0,0,77,3,4,84,5595,3,5598,294588,536,295124,"septembre","vendredi",2014
"97",2014-09-27,101,81,182,10128,8261,18389,0,0,0,0,77,3,4,84,5083,0,5083,299671,536,300207,"septembre","samedi",2014
"98",2014-09-28,103,59,162,10231,8320,18551,0,0,0,0,77,3,4,84,4008,1,4009,303679,537,304216,"septembre","dimanche",2014
"99",2014-09-29,77,63,140,10308,8383,18691,0,0,0,0,77,3,4,84,4976,6,4982,308655,543,309198,"septembre","lundi",2014
"100",2014-09-30,88,66,154,10396,8449,18845,0,0,0,0,77,3,4,84,5616,4,5620,314271,547,314818,"septembre","mardi",2014
"101",2014-10-01,69,66,135,10465,8515,18980,0,0,0,0,77,3,4,84,5894,5,5899,320165,552,320717,"octobre","mercredi",2014
"102",2014-10-02,74,74,148,10539,8589,19128,0,0,0,0,77,3,4,84,6050,0,6050,326215,552,326767,"octobre","jeudi",2014
"103",2014-10-03,79,73,152,10618,8662,19280,0,0,0,0,77,3,4,84,6325,8,6333,332540,560,333100,"octobre","vendredi",2014
"104",2014-10-04,133,108,241,10751,8770,19521,0,0,0,0,77,3,4,84,6017,0,6017,338557,560,339117,"octobre","samedi",2014
"105",2014-10-05,115,99,214,10866,8869,19735,0,0,0,0,77,3,4,84,5720,0,5720,344277,560,344837,"octobre","dimanche",2014
"106",2014-10-06,75,85,160,10941,8954,19895,0,0,0,0,77,3,4,84,5427,4,5431,349704,564,350268,"octobre","lundi",2014
"107",2014-10-07,65,62,127,11006,9016,20022,0,0,0,0,77,3,4,84,5751,2,5753,355455,566,356021,"octobre","mardi",2014
"108",2014-10-08,66,50,116,11072,9066,20138,0,0,0,0,77,3,4,84,6037,10,6047,361492,576,362068,"octobre","mercredi",2014
"109",2014-10-09,22,25,47,11094,9091,20185,0,0,0,0,77,3,4,84,3697,3,3700,365189,579,365768,"octobre","jeudi",2014
"110",2014-10-10,56,36,92,11150,9127,20277,0,0,0,0,77,3,4,84,4669,6,4675,369858,585,370443,"octobre","vendredi",2014
"111",2014-10-11,75,62,137,11225,9189,20414,0,0,0,0,77,3,4,84,4292,0,4292,374150,585,374735,"octobre","samedi",2014
"112",2014-10-12,80,57,137,11305,9246,20551,0,0,0,0,77,3,4,84,4625,3,4628,378775,588,379363,"octobre","dimanche",2014
"113",2014-10-13,44,37,81,11349,9283,20632,0,0,0,0,77,3,4,84,4443,3,4446,383218,591,383809,"octobre","lundi",2014
"114",2014-10-14,32,29,61,11381,9312,20693,0,0,0,0,77,3,4,84,4009,0,4009,387227,591,387818,"octobre","mardi",2014
"115",2014-10-15,42,46,88,11423,9358,20781,0,0,0,0,77,3,4,84,5513,3,5516,392740,594,393334,"octobre","mercredi",2014
"116",2014-10-16,41,51,92,11464,9409,20873,0,0,0,0,77,3,4,84,5946,2,5948,398686,596,399282,"octobre","jeudi",2014
"117",2014-10-17,66,46,112,11530,9455,20985,0,0,0,0,77,3,4,84,6839,1,6840,405525,597,406122,"octobre","vendredi",2014
"118",2014-10-18,102,90,192,11632,9545,21177,0,0,0,0,77,3,4,84,6265,1,6266,411790,598,412388,"octobre","samedi",2014
"119",2014-10-19,134,93,227,11766,9638,21404,0,0,0,0,77,3,4,84,5941,1,5942,417731,599,418330,"octobre","dimanche",2014
"120",2014-10-20,69,56,125,11835,9694,21529,0,0,0,0,77,3,4,84,5732,4,5736,423463,603,424066,"octobre","lundi",2014
"121",2014-10-21,75,63,138,11910,9757,21667,0,0,0,0,77,3,4,84,6145,0,6145,429608,603,430211,"octobre","mardi",2014
"122",2014-10-22,65,60,125,11975,9817,21792,0,0,0,0,77,3,4,84,6309,0,6309,435917,603,436520,"octobre","mercredi",2014
"123",2014-10-23,60,60,120,12035,9877,21912,0,0,0,0,77,3,4,84,6321,1,6322,442238,604,442842,"octobre","jeudi",2014
"124",2014-10-24,78,72,150,12113,9949,22062,0,0,0,0,77,3,4,84,6575,4,6579,448813,608,449421,"octobre","vendredi",2014
"125",2014-10-25,90,86,176,12203,10035,22238,0,0,0,0,77,3,4,84,6209,1,6210,455022,609,455631,"octobre","samedi",2014
"126",2014-10-26,120,104,224,12323,10139,22462,0,0,0,0,77,3,4,84,6004,1,6005,461026,610,461636,"octobre","dimanche",2014
"127",2014-10-27,54,57,111,12377,10196,22573,0,0,0,0,77,3,4,84,5635,2,5637,466661,612,467273,"octobre","lundi",2014
"128",2014-10-28,60,62,122,12437,10258,22695,0,0,0,0,77,3,4,84,5873,4,5877,472534,616,473150,"octobre","mardi",2014
"129",2014-10-29,70,53,123,12507,10311,22818,0,0,0,0,77,3,4,84,5967,0,5967,478501,616,479117,"octobre","mercredi",2014
"130",2014-10-30,59,65,124,12566,10376,22942,0,0,0,0,77,3,4,84,6099,0,6099,484600,616,485216,"octobre","jeudi",2014
"131",2014-10-31,53,80,133,12619,10456,23075,0,0,0,0,77,3,4,84,6021,2,6023,490621,618,491239,"octobre","vendredi",2014
"132",2014-11-01,119,102,221,12738,10558,23296,0,0,0,0,77,3,4,84,5219,0,5219,495840,618,496458,"novembre","samedi",2014
"133",2014-11-02,99,75,174,12837,10633,23470,0,0,0,0,77,3,4,84,4170,0,4170,500010,618,500628,"novembre","dimanche",2014
"134",2014-11-03,26,32,58,12863,10665,23528,0,0,0,0,77,3,4,84,3509,3,3512,503519,621,504140,"novembre","lundi",2014
"135",2014-11-04,31,29,60,12894,10694,23588,0,0,0,0,77,3,4,84,4361,2,4363,507880,623,508503,"novembre","mardi",2014
"136",2014-11-05,45,34,79,12939,10728,23667,0,0,0,0,77,3,4,84,4998,2,5000,512878,625,513503,"novembre","mercredi",2014
"137",2014-11-06,42,49,91,12981,10777,23758,0,0,0,0,77,3,4,84,5057,1,5058,517935,626,518561,"novembre","jeudi",2014
"138",2014-11-07,34,54,88,13015,10831,23846,0,0,0,0,77,3,4,84,4471,2,4473,522406,628,523034,"novembre","vendredi",2014
"139",2014-11-08,49,51,100,13064,10882,23946,0,0,0,0,77,3,4,84,3629,1,3630,526035,629,526664,"novembre","samedi",2014
"140",2014-11-09,67,61,128,13131,10943,24074,0,0,0,0,77,3,4,84,3453,1,3454,529488,630,530118,"novembre","dimanche",2014
"141",2014-11-10,59,67,126,13190,11010,24200,0,0,0,0,77,3,4,84,3156,0,3156,532644,630,533274,"novembre","lundi",2014
"142",2014-11-11,30,24,54,13220,11034,24254,0,0,0,0,77,3,4,84,2578,4,2582,535222,634,535856,"novembre","mardi",2014
"143",2014-11-12,36,28,64,13256,11062,24318,0,0,0,0,77,3,4,84,4628,8,4636,539850,642,540492,"novembre","mercredi",2014
"144",2014-11-13,29,28,57,13285,11090,24375,0,0,0,0,77,3,4,84,4003,3,4006,543853,645,544498,"novembre","jeudi",2014
"145",2014-11-14,5,10,15,13290,11100,24390,0,0,0,0,77,3,4,84,3485,0,3485,547338,645,547983,"novembre","vendredi",2014
"146",2014-11-15,39,47,86,13329,11147,24476,0,0,0,0,77,3,4,84,3737,0,3737,551075,645,551720,"novembre","samedi",2014
"147",2014-11-16,45,58,103,13374,11205,24579,0,0,0,0,77,3,4,84,3786,0,3786,554861,645,555506,"novembre","dimanche",2014
"148",2014-11-17,29,43,72,13403,11248,24651,0,0,0,0,77,3,4,84,3971,5,3976,558832,650,559482,"novembre","lundi",2014
"149",2014-11-18,33,28,61,13436,11276,24712,0,0,0,0,77,3,4,84,4086,1,4087,562918,651,563569,"novembre","mardi",2014
"150",2014-11-19,28,43,71,13464,11319,24783,0,0,0,0,77,3,4,84,4578,2,4580,567496,653,568149,"novembre","mercredi",2014
"151",2014-11-20,31,40,71,13495,11359,24854,0,0,0,0,77,3,4,84,4878,2,4880,572374,655,573029,"novembre","jeudi",2014
"152",2014-11-21,29,46,75,13524,11405,24929,0,0,0,0,77,3,4,84,5042,2,5044,577416,657,578073,"novembre","vendredi",2014
"153",2014-11-22,51,50,101,13575,11455,25030,0,0,0,0,77,3,4,84,4567,4,4571,581983,661,582644,"novembre","samedi",2014
"154",2014-11-23,26,41,67,13601,11496,25097,3,0,0,3,80,3,4,87,3629,2,3631,585612,663,586275,"novembre","dimanche",2014
"155",2014-11-24,41,30,71,13642,11526,25168,5,0,0,5,85,3,4,92,4131,4,4135,589743,667,590410,"novembre","lundi",2014
"156",2014-11-25,31,25,56,13673,11551,25224,0,0,0,0,85,3,4,92,3753,0,3753,593496,667,594163,"novembre","mardi",2014
"157",2014-11-26,30,33,63,13703,11584,25287,3,0,0,3,88,3,4,95,4476,5,4481,597972,672,598644,"novembre","mercredi",2014
"158",2014-11-27,24,19,43,13727,11603,25330,1,0,0,1,89,3,4,96,3261,0,3261,601233,672,601905,"novembre","jeudi",2014
"159",2014-11-28,18,18,36,13745,11621,25366,1,0,0,1,90,3,4,97,2133,0,2133,603366,672,604038,"novembre","vendredi",2014
"160",2014-11-29,32,36,68,13777,11657,25434,11,0,0,11,101,3,4,108,3137,30,3167,606503,702,607205,"novembre","samedi",2014
"161",2014-11-30,45,50,95,13822,11707,25529,30,0,0,30,131,3,4,138,3703,57,3760,610206,759,610965,"novembre","dimanche",2014
"162",2014-12-01,44,35,79,13866,11742,25608,6,0,0,6,137,3,4,144,4225,11,4236,614431,770,615201,"décembre","lundi",2014
"163",2014-12-02,42,41,83,13908,11783,25691,4,0,1,5,141,3,5,149,4573,7,4580,619004,777,619781,"décembre","mardi",2014
"164",2014-12-03,37,49,86,13945,11832,25777,5,0,0,5,146,3,5,154,4350,4,4354,623354,781,624135,"décembre","mercredi",2014
"165",2014-12-04,37,42,79,13982,11874,25856,3,1,0,4,149,4,5,158,4546,9,4555,627900,790,628690,"décembre","jeudi",2014
"166",2014-12-05,23,60,83,14005,11934,25939,20,1,0,21,169,5,5,179,4533,21,4554,632433,811,633244,"décembre","vendredi",2014
"167",2014-12-06,43,42,85,14048,11976,26024,28,4,0,32,197,9,5,211,3114,45,3159,635547,856,636403,"décembre","samedi",2014
"168",2014-12-07,40,45,85,14088,12021,26109,38,0,1,39,235,9,6,250,2986,85,3071,638533,941,639474,"décembre","dimanche",2014
"169",2014-12-08,44,29,73,14132,12050,26182,40,0,0,40,275,9,6,290,3045,59,3104,641578,1000,642578,"décembre","lundi",2014
"170",2014-12-09,39,29,68,14171,12079,26250,12,2,1,15,287,11,7,305,3673,25,3698,645251,1025,646276,"décembre","mardi",2014
"171",2014-12-10,43,42,85,14214,12121,26335,6,1,0,7,293,12,7,312,4189,14,4203,649440,1039,650479,"décembre","mercredi",2014
"172",2014-12-11,36,28,64,14250,12149,26399,7,1,0,8,300,13,7,320,4490,32,4522,653930,1071,655001,"décembre","jeudi",2014
"173",2014-12-12,37,33,70,14287,12182,26469,9,3,1,13,309,16,8,333,4761,35,4796,658691,1106,659797,"décembre","vendredi",2014
"174",2014-12-13,39,22,61,14326,12204,26530,14,0,0,14,323,16,8,347,2676,23,2699,661367,1129,662496,"décembre","samedi",2014
"175",2014-12-14,16,23,39,14342,12227,26569,4,0,0,4,327,16,8,351,1740,2,1742,663107,1131,664238,"décembre","dimanche",2014
"176",2014-12-15,29,34,63,14371,12261,26632,13,0,1,14,340,16,9,365,3960,19,3979,667067,1150,668217,"décembre","lundi",2014
"177",2014-12-16,25,37,62,14396,12298,26694,28,0,0,28,368,16,9,393,4378,31,4409,671445,1181,672626,"décembre","mardi",2014
"178",2014-12-17,20,16,36,14416,12314,26730,18,1,0,19,386,17,9,412,4547,27,4574,675992,1208,677200,"décembre","mercredi",2014
"179",2014-12-18,45,32,77,14461,12346,26807,14,0,1,15,400,17,10,427,4828,25,4853,680820,1233,682053,"décembre","jeudi",2014
"180",2014-12-19,47,44,91,14508,12390,26898,20,1,0,21,420,18,10,448,5126,47,5173,685946,1280,687226,"décembre","vendredi",2014
"181",2014-12-20,42,46,88,14550,12436,26986,64,3,1,68,484,21,11,516,4454,99,4553,690400,1379,691779,"décembre","samedi",2014
"182",2014-12-21,74,48,122,14624,12484,27108,91,0,3,94,575,21,14,610,4027,174,4201,694427,1553,695980,"décembre","dimanche",2014
"183",2014-12-22,49,39,88,14673,12523,27196,33,0,3,36,608,21,17,646,3962,76,4038,698389,1629,700018,"décembre","lundi",2014
"184",2014-12-23,35,31,66,14708,12554,27262,33,4,1,38,641,25,18,684,3960,65,4025,702349,1694,704043,"décembre","mardi",2014
"185",2014-12-24,18,16,34,14726,12570,27296,27,1,2,30,668,26,20,714,2765,62,2827,705114,1756,706870,"décembre","mercredi",2014
"186",2014-12-25,24,16,40,14750,12586,27336,59,1,2,62,727,27,22,776,2073,145,2218,707187,1901,709088,"décembre","jeudi",2014
"187",2014-12-26,22,27,49,14772,12613,27385,49,2,3,54,776,29,25,830,3171,138,3309,710358,2039,712397,"décembre","vendredi",2014
"188",2014-12-27,27,19,46,14799,12632,27431,83,2,2,87,859,31,27,917,3079,157,3236,713437,2196,715633,"décembre","samedi",2014
"189",2014-12-28,24,17,41,14823,12649,27472,43,4,2,49,902,35,29,966,2471,107,2578,715908,2303,718211,"décembre","dimanche",2014
"190",2014-12-29,14,10,24,14837,12659,27496,30,2,1,33,932,37,30,999,3060,87,3147,718968,2390,721358,"décembre","lundi",2014
"191",2014-12-30,29,24,53,14866,12683,27549,48,0,1,49,980,37,31,1048,3262,94,3356,722230,2484,724714,"décembre","mardi",2014
"192",2014-12-31,15,16,31,14881,12699,27580,68,5,3,76,1048,42,34,1124,2609,133,2742,724839,2617,727456,"décembre","mercredi",2014
"193",2015-01-01,29,21,50,14910,12720,27630,77,5,2,84,1125,47,36,1208,2018,149,2167,726857,2766,729623,"janvier","jeudi",2015
"194",2015-01-02,35,31,66,14945,12751,27696,46,8,0,54,1171,55,36,1262,2880,153,3033,729737,2919,732656,"janvier","vendredi",2015
"195",2015-01-03,36,30,66,14981,12781,27762,87,2,2,91,1258,57,38,1353,3187,170,3357,732924,3089,736013,"janvier","samedi",2015
"196",2015-01-04,37,43,80,15018,12824,27842,78,2,2,82,1336,59,40,1435,3296,154,3450,736220,3243,739463,"janvier","dimanche",2015
"197",2015-01-05,53,36,89,15071,12860,27931,57,2,2,61,1393,61,42,1496,4039,117,4156,740259,3360,743619,"janvier","lundi",2015
"198",2015-01-06,33,34,67,15104,12894,27998,72,1,2,75,1465,62,44,1571,2651,115,2766,742910,3475,746385,"janvier","mardi",2015
"199",2015-01-07,44,36,80,15148,12930,28078,32,0,0,32,1497,62,44,1603,3821,58,3879,746731,3533,750264,"janvier","mercredi",2015
"200",2015-01-08,34,38,72,15182,12968,28150,33,1,0,34,1530,63,44,1637,4333,60,4393,751064,3593,754657,"janvier","jeudi",2015
"201",2015-01-09,38,34,72,15220,13002,28222,39,3,3,45,1569,66,47,1682,4832,86,4918,755896,3679,759575,"janvier","vendredi",2015
"202",2015-01-10,59,52,111,15279,13054,28333,59,3,1,63,1628,69,48,1745,4494,94,4588,760390,3773,764163,"janvier","samedi",2015
"203",2015-01-11,54,40,94,15333,13094,28427,95,3,0,98,1723,72,48,1843,4209,141,4350,764599,3914,768513,"janvier","dimanche",2015
"204",2015-01-12,31,26,57,15364,13120,28484,20,1,0,21,1743,73,48,1864,4241,44,4285,768840,3958,772798,"janvier","lundi",2015
"205",2015-01-13,28,39,67,15392,13159,28551,19,2,0,21,1762,75,48,1885,4365,34,4399,773205,3992,777197,"janvier","mardi",2015
"206",2015-01-14,27,30,57,15419,13189,28608,13,1,1,15,1775,76,49,1900,4319,23,4342,777524,4015,781539,"janvier","mercredi",2015
"207",2015-01-15,28,16,44,15447,13205,28652,10,2,1,13,1785,78,50,1913,3637,26,3663,781161,4041,785202,"janvier","jeudi",2015
"208",2015-01-16,18,38,56,15465,13243,28708,11,1,0,12,1796,79,50,1925,4236,18,4254,785397,4059,789456,"janvier","vendredi",2015
"209",2015-01-17,32,36,68,15497,13279,28776,80,2,0,82,1876,81,50,2007,3930,111,4041,789327,4170,793497,"janvier","samedi",2015
"210",2015-01-18,18,18,36,15515,13297,28812,18,1,0,19,1894,82,50,2026,2323,49,2372,791650,4219,795869,"janvier","dimanche",2015
"211",2015-01-19,19,21,40,15534,13318,28852,13,0,3,16,1907,82,53,2042,3309,22,3331,794959,4241,799200,"janvier","lundi",2015
"212",2015-01-20,13,20,33,15547,13338,28885,10,0,0,10,1917,82,53,2052,3698,12,3710,798657,4253,802910,"janvier","mardi",2015
"213",2015-01-21,22,14,36,15569,13352,28921,17,0,0,17,1934,82,53,2069,3473,27,3500,802130,4280,806410,"janvier","mercredi",2015
"214",2015-01-22,20,19,39,15589,13371,28960,15,1,1,17,1949,83,54,2086,4202,20,4222,806332,4300,810632,"janvier","jeudi",2015
"215",2015-01-23,20,32,52,15609,13403,29012,27,4,2,33,1976,87,56,2119,4601,26,4627,810933,4326,815259,"janvier","vendredi",2015
"216",2015-01-24,43,36,79,15652,13439,29091,76,2,2,80,2052,89,58,2199,4473,107,4580,815406,4433,819839,"janvier","samedi",2015
"217",2015-01-25,37,37,74,15689,13476,29165,101,2,0,103,2153,91,58,2302,4085,150,4235,819491,4583,824074,"janvier","dimanche",2015
"218",2015-01-26,29,24,53,15718,13500,29218,25,2,1,28,2178,93,59,2330,4172,59,4231,823663,4642,828305,"janvier","lundi",2015
"219",2015-01-27,29,22,51,15747,13522,29269,13,1,1,15,2191,94,60,2345,4451,28,4479,828114,4670,832784,"janvier","mardi",2015
"220",2015-01-28,25,25,50,15772,13547,29319,16,5,1,22,2207,99,61,2367,4911,38,4949,833025,4708,837733,"janvier","mercredi",2015
"221",2015-01-29,23,23,46,15795,13570,29365,12,0,2,14,2219,99,63,2381,4745,21,4766,837770,4729,842499,"janvier","jeudi",2015
"222",2015-01-30,26,19,45,15821,13589,29410,17,0,0,17,2236,99,63,2398,3938,33,3971,841708,4762,846470,"janvier","vendredi",2015
"223",2015-01-31,19,23,42,15840,13612,29452,29,2,1,32,2265,101,64,2430,3831,60,3891,845539,4822,850361,"janvier","samedi",2015
"224",2015-02-01,25,29,54,15865,13641,29506,69,1,0,70,2334,102,64,2500,3487,125,3612,849026,4947,853973,"février","dimanche",2015
"225",2015-02-02,13,24,37,15878,13665,29543,6,0,0,6,2340,102,64,2506,2786,14,2800,851812,4961,856773,"février","lundi",2015
"226",2015-02-03,18,22,40,15896,13687,29583,17,0,1,18,2357,102,65,2524,3182,51,3233,854994,5012,860006,"février","mardi",2015
"227",2015-02-04,15,21,36,15911,13708,29619,14,0,0,14,2371,102,65,2538,3805,25,3830,858799,5037,863836,"février","mercredi",2015
"228",2015-02-05,12,16,28,15923,13724,29647,11,1,0,12,2382,103,65,2550,3943,16,3959,862742,5053,867795,"février","jeudi",2015
"229",2015-02-06,19,19,38,15942,13743,29685,13,0,1,14,2395,103,66,2564,4249,27,4276,866991,5080,872071,"février","vendredi",2015
"230",2015-02-07,16,17,33,15958,13760,29718,26,3,0,29,2421,106,66,2593,3452,45,3497,870443,5125,875568,"février","samedi",2015
"231",2015-02-08,29,27,56,15987,13787,29774,71,0,0,71,2492,106,66,2664,3660,98,3758,874103,5223,879326,"février","dimanche",2015
"232",2015-02-09,22,20,42,16009,13807,29816,7,0,1,8,2499,106,67,2672,4023,30,4053,878126,5253,883379,"février","lundi",2015
"233",2015-02-10,23,16,39,16032,13823,29855,8,1,0,9,2507,107,67,2681,4402,11,4413,882528,5264,887792,"février","mardi",2015
"234",2015-02-11,16,22,38,16048,13845,29893,11,1,0,12,2518,108,67,2693,4411,25,4436,886939,5289,892228,"février","mercredi",2015
"235",2015-02-12,22,17,39,16070,13862,29932,24,3,0,27,2542,111,67,2720,4946,39,4985,891885,5328,897213,"février","jeudi",2015
"236",2015-02-13,32,26,58,16102,13888,29990,39,2,1,42,2581,113,68,2762,5015,67,5082,896900,5395,902295,"février","vendredi",2015
"237",2015-02-14,37,35,72,16139,13923,30062,79,2,1,82,2660,115,69,2844,4139,153,4292,901039,5548,906587,"février","samedi",2015
"238",2015-02-15,33,30,63,16172,13953,30125,114,5,0,119,2774,120,69,2963,3800,189,3989,904839,5737,910576,"février","dimanche",2015
"239",2015-02-16,23,21,44,16195,13974,30169,37,3,0,40,2811,123,69,3003,4502,98,4600,909341,5835,915176,"février","lundi",2015
"240",2015-02-17,20,25,45,16215,13999,30214,21,1,1,23,2832,124,70,3026,4564,67,4631,913905,5902,919807,"février","mardi",2015
"241",2015-02-18,17,35,52,16232,14034,30266,15,1,0,16,2847,125,70,3042,4770,42,4812,918675,5944,924619,"février","mercredi",2015
"242",2015-02-19,14,29,43,16246,14063,30309,25,2,0,27,2872,127,70,3069,5034,44,5078,923709,5988,929697,"février","jeudi",2015
"243",2015-02-20,22,28,50,16268,14091,30359,33,6,1,40,2905,133,71,3109,4988,64,5052,928697,6052,934749,"février","vendredi",2015
"244",2015-02-21,37,48,85,16305,14139,30444,112,8,1,121,3017,141,72,3230,4259,176,4435,932956,6228,939184,"février","samedi",2015
"245",2015-02-22,41,53,94,16346,14192,30538,125,4,1,130,3142,145,73,3360,4537,233,4770,937493,6461,943954,"février","dimanche",2015
"246",2015-02-23,21,30,51,16367,14222,30589,30,5,0,35,3172,150,73,3395,4514,77,4591,942007,6538,948545,"février","lundi",2015
"247",2015-02-24,10,22,32,16377,14244,30621,19,1,0,20,3191,151,73,3415,4608,31,4639,946615,6569,953184,"février","mardi",2015
"248",2015-02-25,27,26,53,16404,14270,30674,23,2,0,25,3214,153,73,3440,5067,47,5114,951682,6616,958298,"février","mercredi",2015
"249",2015-02-26,16,19,35,16420,14289,30709,19,4,1,24,3233,157,74,3464,5446,65,5511,957128,6681,963809,"février","jeudi",2015
"250",2015-02-27,23,31,54,16443,14320,30763,50,10,0,60,3283,167,74,3524,5908,115,6023,963036,6796,969832,"février","vendredi",2015
"251",2015-02-28,55,38,93,16498,14358,30856,141,2,0,143,3424,169,74,3667,5491,273,5764,968527,7069,975596,"février","samedi",2015
"252",2015-03-01,63,55,118,16561,14413,30974,167,4,1,172,3591,173,75,3839,5548,305,5853,974075,7374,981449,"mars","dimanche",2015
"253",2015-03-02,34,41,75,16595,14454,31049,31,2,4,37,3622,175,79,3876,5017,92,5109,979092,7466,986558,"mars","lundi",2015
"254",2015-03-03,35,29,64,16630,14483,31113,27,5,1,33,3649,180,80,3909,5289,70,5359,984381,7536,991917,"mars","mardi",2015
"255",2015-03-04,50,45,95,16680,14528,31208,24,1,0,25,3673,181,80,3934,5353,51,5404,989734,7587,997321,"mars","mercredi",2015
"256",2015-03-05,32,44,76,16712,14572,31284,18,0,2,20,3691,181,82,3954,5513,27,5540,995247,7614,1002861,"mars","jeudi",2015
"257",2015-03-06,41,46,87,16753,14618,31371,44,4,0,48,3735,185,82,4002,6177,71,6248,1001424,7685,1009109,"mars","vendredi",2015
"258",2015-03-07,80,88,168,16833,14706,31539,197,6,4,207,3932,191,86,4209,6461,326,6787,1007885,8011,1015896,"mars","samedi",2015
"259",2015-03-08,65,87,152,16898,14793,31691,262,4,1,267,4194,195,87,4476,6235,482,6717,1014120,8493,1022613,"mars","dimanche",2015
"260",2015-03-09,43,47,90,16941,14840,31781,38,2,2,42,4232,197,89,4518,5635,85,5720,1019755,8578,1028333,"mars","lundi",2015
"261",2015-03-10,39,49,88,16980,14889,31869,52,2,3,57,4284,199,92,4575,6264,111,6375,1026019,8689,1034708,"mars","mardi",2015
"262",2015-03-11,42,62,104,17022,14951,31973,55,4,0,59,4339,203,92,4634,6516,111,6627,1032535,8800,1041335,"mars","mercredi",2015
"263",2015-03-12,41,66,107,17063,15017,32080,44,10,2,56,4383,213,94,4690,6570,123,6693,1039105,8923,1048028,"mars","jeudi",2015
"264",2015-03-13,41,55,96,17104,15072,32176,47,5,0,52,4430,218,94,4742,6749,139,6888,1045854,9062,1054916,"mars","vendredi",2015
"265",2015-03-14,56,69,125,17160,15141,32301,122,9,1,132,4552,227,95,4874,5793,267,6060,1051647,9329,1060976,"mars","samedi",2015
"266",2015-03-15,41,48,89,17201,15189,32390,95,0,0,95,4647,227,95,4969,4521,173,4694,1056168,9502,1065670,"mars","dimanche",2015
"267",2015-03-16,39,37,76,17240,15226,32466,26,1,2,29,4673,228,97,4998,5037,46,5083,1061205,9548,1070753,"mars","lundi",2015
"268",2015-03-17,18,39,57,17258,15265,32523,19,7,1,27,4692,235,98,5025,5413,65,5478,1066618,9613,1076231,"mars","mardi",2015
"269",2015-03-18,18,15,33,17276,15280,32556,3,0,0,3,4695,235,98,5028,3305,20,3325,1069923,9633,1079556,"mars","mercredi",2015
"270",2015-03-19,30,32,62,17306,15312,32618,31,2,1,34,4726,237,99,5062,3953,59,4012,1073876,9692,1083568,"mars","jeudi",2015
"271",2015-03-20,19,22,41,17325,15334,32659,18,2,1,21,4744,239,100,5083,3911,58,3969,1077787,9750,1087537,"mars","vendredi",2015
"272",2015-03-21,14,33,47,17339,15367,32706,31,1,1,33,4775,240,101,5116,3128,84,3212,1080915,9834,1090749,"mars","samedi",2015
"273",2015-03-22,17,32,49,17356,15399,32755,56,2,1,59,4831,242,102,5175,3619,118,3737,1084534,9952,1094486,"mars","dimanche",2015
"274",2015-03-23,4,12,16,17360,15411,32771,0,1,0,1,4831,243,102,5176,1853,16,1869,1086387,9968,1096355,"mars","lundi",2015
"275",2015-03-24,22,26,48,17382,15437,32819,13,0,3,16,4844,243,105,5192,5191,33,5224,1091578,10001,1101579,"mars","mardi",2015
"276",2015-03-25,19,25,44,17401,15462,32863,28,2,0,30,4872,245,105,5222,5312,51,5363,1096890,10052,1106942,"mars","mercredi",2015
"277",2015-03-26,18,27,45,17419,15489,32908,29,7,1,37,4901,252,106,5259,6068,96,6164,1102958,10148,1113106,"mars","jeudi",2015
"278",2015-03-27,42,45,87,17461,15534,32995,70,8,4,82,4971,260,110,5341,7219,208,7427,1110177,10356,1120533,"mars","vendredi",2015
"279",2015-03-28,79,74,153,17540,15608,33148,259,7,4,270,5230,267,114,5611,6947,563,7510,1117124,10919,1128043,"mars","samedi",2015
"280",2015-03-29,60,79,139,17600,15687,33287,237,6,3,246,5467,273,117,5857,6352,472,6824,1123476,11391,1134867,"mars","dimanche",2015
"281",2015-03-30,37,64,101,17637,15751,33388,111,4,0,115,5578,277,117,5972,6078,234,6312,1129554,11625,1141179,"mars","lundi",2015
"282",2015-03-31,42,65,107,17679,15816,33495,93,3,7,103,5671,280,124,6075,6252,199,6451,1135806,11824,1147630,"mars","mardi",2015
"283",2015-04-01,40,64,104,17719,15880,33599,103,5,5,113,5774,285,129,6188,5620,222,5842,1141426,12046,1153472,"avril","mercredi",2015
"284",2015-04-02,55,77,132,17774,15957,33731,267,10,5,282,6041,295,134,6470,4263,445,4708,1145689,12491,1158180,"avril","jeudi",2015
"285",2015-04-03,50,63,113,17824,16020,33844,301,29,2,332,6342,324,136,6802,4098,620,4718,1149787,13111,1162898,"avril","vendredi",2015
"286",2015-04-04,55,82,137,17879,16102,33981,256,15,2,273,6598,339,138,7075,4535,624,5159,1154322,13735,1168057,"avril","samedi",2015
"287",2015-04-05,78,87,165,17957,16189,34146,324,7,0,331,6922,346,138,7406,5365,696,6061,1159687,14431,1174118,"avril","dimanche",2015
"288",2015-04-06,41,80,121,17998,16269,34267,142,3,2,147,7064,349,140,7553,6218,316,6534,1165905,14747,1180652,"avril","lundi",2015
"289",2015-04-07,60,53,113,18058,16322,34380,63,6,2,71,7127,355,142,7624,6651,144,6795,1172556,14891,1187447,"avril","mardi",2015
"290",2015-04-08,52,62,114,18110,16384,34494,46,3,2,51,7173,358,144,7675,6225,130,6355,1178781,15021,1193802,"avril","mercredi",2015
"291",2015-04-09,24,37,61,18134,16421,34555,5,0,0,5,7178,358,144,7680,4384,39,4423,1183165,15060,1198225,"avril","jeudi",2015
"292",2015-04-10,42,53,95,18176,16474,34650,54,4,1,59,7232,362,145,7739,7065,105,7170,1190230,15165,1205395,"avril","vendredi",2015
"293",2015-04-11,72,79,151,18248,16553,34801,195,9,1,205,7427,371,146,7944,7365,313,7678,1197595,15478,1213073,"avril","samedi",2015
"294",2015-04-12,79,77,156,18327,16630,34957,192,7,5,204,7619,378,151,8148,7046,395,7441,1204641,15873,1220514,"avril","dimanche",2015
"295",2015-04-13,49,62,111,18376,16692,35068,64,1,2,67,7683,379,153,8215,6609,131,6740,1211250,16004,1227254,"avril","lundi",2015
"296",2015-04-14,41,50,91,18417,16742,35159,61,4,0,65,7744,383,153,8280,7442,124,7566,1218692,16128,1234820,"avril","mardi",2015
"297",2015-04-15,30,41,71,18447,16783,35230,25,1,0,26,7769,384,153,8306,6341,60,6401,1225033,16188,1241221,"avril","mercredi",2015
"298",2015-04-16,38,45,83,18485,16828,35313,32,2,3,37,7801,386,156,8343,6885,59,6944,1231918,16247,1248165,"avril","jeudi",2015
"299",2015-04-17,53,55,108,18538,16883,35421,65,5,2,72,7866,391,158,8415,8056,129,8185,1239974,16376,1256350,"avril","vendredi",2015
"300",2015-04-18,64,80,144,18602,16963,35565,177,11,0,188,8043,402,158,8603,7429,333,7762,1247403,16709,1264112,"avril","samedi",2015
"301",2015-04-19,83,74,157,18685,17037,35722,274,6,8,288,8317,408,166,8891,6794,542,7336,1254197,17251,1271448,"avril","dimanche",2015
"302",2015-04-20,48,42,90,18733,17079,35812,58,2,1,61,8375,410,167,8952,6822,177,6999,1261019,17428,1278447,"avril","lundi",2015
"303",2015-04-21,43,55,98,18776,17134,35910,50,5,2,57,8425,415,169,9009,7298,132,7430,1268317,17560,1285877,"avril","mardi",2015
"304",2015-04-22,38,48,86,18814,17182,35996,55,3,2,60,8480,418,171,9069,7899,138,8037,1276216,17698,1293914,"avril","mercredi",2015
"305",2015-04-23,34,44,78,18848,17226,36074,58,7,9,74,8538,425,180,9143,8572,159,8731,1284788,17857,1302645,"avril","jeudi",2015
"306",2015-04-24,49,49,98,18897,17275,36172,93,24,7,124,8631,449,187,9267,8637,244,8881,1293425,18101,1311526,"avril","vendredi",2015
"307",2015-04-25,57,91,148,18954,17366,36320,199,8,5,212,8830,457,192,9479,7266,448,7714,1300691,18549,1319240,"avril","samedi",2015
"308",2015-04-26,25,32,57,18979,17398,36377,42,1,0,43,8872,458,192,9522,3364,104,3468,1304055,18653,1322708,"avril","dimanche",2015
"309",2015-04-27,39,47,86,19018,17445,36463,33,1,2,36,8905,459,194,9558,6192,78,6270,1310247,18731,1328978,"avril","lundi",2015
"310",2015-04-28,37,45,82,19055,17490,36545,38,1,1,40,8943,460,195,9598,7553,103,7656,1317800,18834,1336634,"avril","mardi",2015
"311",2015-04-29,56,50,106,19111,17540,36651,65,5,3,73,9008,465,198,9671,8312,130,8442,1326112,18964,1345076,"avril","mercredi",2015
"312",2015-04-30,28,54,82,19139,17594,36733,82,11,6,99,9090,476,204,9770,8369,178,8547,1334481,19142,1353623,"avril","jeudi",2015
"313",2015-05-01,91,108,199,19230,17702,36932,299,44,12,355,9389,520,216,10125,6917,587,7504,1341398,19729,1361127,"mai","vendredi",2015
"314",2015-05-02,74,87,161,19304,17789,37093,334,25,2,361,9723,545,218,10486,6746,732,7478,1348144,20461,1368605,"mai","samedi",2015
"315",2015-05-03,55,70,125,19359,17859,37218,194,8,1,203,9917,553,219,10689,6137,529,6666,1354281,20990,1375271,"mai","dimanche",2015
"316",2015-05-04,48,59,107,19407,17918,37325,60,9,2,71,9977,562,221,10760,7055,187,7242,1361336,21177,1382513,"mai","lundi",2015
"317",2015-05-05,47,51,98,19454,17969,37423,39,7,2,48,10016,569,223,10808,7811,112,7923,1369147,21289,1390436,"mai","mardi",2015
"318",2015-05-06,53,74,127,19507,18043,37550,54,3,5,62,10070,572,228,10870,8405,149,8554,1377552,21438,1398990,"mai","mercredi",2015
"319",2015-05-07,55,68,123,19562,18111,37673,71,4,3,78,10141,576,231,10948,8910,130,9040,1386462,21568,1408030,"mai","jeudi",2015
"320",2015-05-08,72,73,145,19634,18184,37818,103,15,3,121,10244,591,234,11069,9495,230,9725,1395957,21798,1417755,"mai","vendredi",2015
"321",2015-05-09,105,83,188,19739,18267,38006,279,22,1,302,10523,613,235,11371,9138,558,9696,1405095,22356,1427451,"mai","samedi",2015
"322",2015-05-10,104,108,212,19843,18375,38218,303,6,3,312,10826,619,238,11683,8998,652,9650,1414093,23008,1437101,"mai","dimanche",2015
"323",2015-05-11,55,65,120,19898,18440,38338,48,5,8,61,10874,624,246,11744,8151,169,8320,1422244,23177,1445421,"mai","lundi",2015
"324",2015-05-12,67,71,138,19965,18511,38476,48,5,3,56,10922,629,249,11800,8899,144,9043,1431143,23321,1454464,"mai","mardi",2015
"325",2015-05-13,58,62,120,20023,18573,38596,68,9,7,84,10990,638,256,11884,9145,138,9283,1440288,23459,1463747,"mai","mercredi",2015
"326",2015-05-14,59,65,124,20082,18638,38720,73,11,5,89,11063,649,261,11973,9372,213,9585,1449660,23672,1473332,"mai","jeudi",2015
"327",2015-05-15,77,102,179,20159,18740,38899,165,29,5,199,11228,678,266,12172,7711,483,8194,1457371,24155,1481526,"mai","vendredi",2015
"328",2015-05-16,69,76,145,20228,18816,39044,259,14,6,279,11487,692,272,12451,7979,633,8612,1465350,24788,1490138,"mai","samedi",2015
"329",2015-05-17,88,76,164,20316,18892,39208,230,7,5,242,11717,699,277,12693,7696,644,8340,1473046,25432,1498478,"mai","dimanche",2015
"330",2015-05-18,48,67,115,20364,18959,39323,81,6,11,98,11798,705,288,12791,8541,240,8781,1481587,25672,1507259,"mai","lundi",2015
"331",2015-05-19,45,84,129,20409,19043,39452,39,5,2,46,11837,710,290,12837,8514,153,8667,1490101,25825,1515926,"mai","mardi",2015
"332",2015-05-20,43,65,108,20452,19108,39560,44,5,3,52,11881,715,293,12889,8772,128,8900,1498873,25953,1524826,"mai","mercredi",2015
"333",2015-05-21,38,42,80,20490,19150,39640,87,10,1,98,11968,725,294,12987,8820,215,9035,1507693,26168,1533861,"mai","jeudi",2015
"334",2015-05-22,53,68,121,20543,19218,39761,80,11,2,93,12048,736,296,13080,8934,179,9113,1516627,26347,1542974,"mai","vendredi",2015
"335",2015-05-23,84,80,164,20627,19298,39925,241,18,2,261,12289,754,298,13341,8489,468,8957,1525116,26815,1551931,"mai","samedi",2015
"336",2015-05-24,87,71,158,20714,19369,40083,223,7,7,237,12512,761,305,13578,8739,530,9269,1533855,27345,1561200,"mai","dimanche",2015
"337",2015-05-25,48,58,106,20762,19427,40189,101,4,8,113,12613,765,313,13691,8409,295,8704,1542264,27640,1569904,"mai","lundi",2015
"338",2015-05-26,53,68,121,20815,19495,40310,65,2,3,70,12678,767,316,13761,9193,180,9373,1551457,27820,1579277,"mai","mardi",2015
"339",2015-05-27,60,68,128,20875,19563,40438,79,5,2,86,12757,772,318,13847,9484,200,9684,1560941,28020,1588961,"mai","mercredi",2015
"340",2015-05-28,47,58,105,20922,19621,40543,65,7,6,78,12822,779,324,13925,9765,191,9956,1570706,28211,1598917,"mai","jeudi",2015
"341",2015-05-29,52,79,131,20974,19700,40674,76,13,2,91,12898,792,326,14016,9860,201,10061,1580566,28412,1608978,"mai","vendredi",2015
"342",2015-05-30,68,86,154,21042,19786,40828,236,10,3,249,13134,802,329,14265,8923,445,9368,1589489,28857,1618346,"mai","samedi",2015
"343",2015-05-31,107,121,228,21149,19907,41056,244,4,4,252,13378,806,333,14517,9047,424,9471,1598536,29281,1627817,"mai","dimanche",2015
"344",2015-06-01,61,84,145,21210,19991,41201,83,12,4,99,13461,818,337,14616,8862,213,9075,1607398,29494,1636892,"juin","lundi",2015
"345",2015-06-02,77,95,172,21287,20086,41373,61,5,3,69,13522,823,340,14685,9786,170,9956,1617184,29664,1646848,"juin","mardi",2015
"346",2015-06-03,89,108,197,21376,20194,41570,74,8,3,85,13596,831,343,14770,10329,154,10483,1627513,29818,1657331,"juin","mercredi",2015
"347",2015-06-04,107,118,225,21483,20312,41795,101,4,4,109,13697,835,347,14879,9410,360,9770,1636923,30178,1667101,"juin","jeudi",2015
"348",2015-06-05,67,99,166,21550,20411,41961,0,0,0,0,13697,835,347,14879,9287,201,9488,1646210,30379,1676589,"juin","vendredi",2015
"349",2015-06-06,76,90,166,21626,20501,42127,1,0,0,1,13698,835,347,14880,8501,446,8947,1654711,30825,1685536,"juin","samedi",2015
"350",2015-06-07,75,108,183,21701,20609,42310,0,0,0,0,13698,835,347,14880,8580,484,9064,1663291,31309,1694600,"juin","dimanche",2015
"351",2015-06-08,70,70,140,21771,20679,42450,0,0,0,0,13698,835,347,14880,9342,258,9600,1672633,31567,1704200,"juin","lundi",2015
"352",2015-06-09,72,78,150,21843,20757,42600,0,0,0,0,13698,835,347,14880,9573,157,9730,1682206,31724,1713930,"juin","mardi",2015
"353",2015-06-10,71,92,163,21914,20849,42763,0,0,0,0,13698,835,347,14880,8880,82,8962,1691086,31806,1722892,"juin","mercredi",2015
"354",2015-06-11,55,69,124,21969,20918,42887,0,0,0,0,13698,835,347,14880,8759,149,8908,1699845,31955,1731800,"juin","jeudi",2015
"355",2015-06-12,-25,-2,-27,21944,20916,42860,0,0,0,0,13698,835,347,14880,10641,175,10816,1710486,32130,1742616,"juin","vendredi",2015
"356",2015-06-13,110,98,208,22054,21014,43068,0,0,0,0,13698,835,347,14880,9953,355,10308,1720439,32485,1752924,"juin","samedi",2015
"357",2015-06-14,94,87,181,22148,21101,43249,0,0,0,0,13698,835,347,14880,8514,388,8902,1728953,32873,1761826,"juin","dimanche",2015
"358",2015-06-15,57,65,122,22205,21166,43371,0,0,0,0,13698,835,347,14880,7744,111,7855,1736697,32984,1769681,"juin","lundi",2015
"359",2015-06-16,59,74,133,22264,21240,43504,52,4,1,57,13750,839,348,14937,10044,179,10223,1746741,33163,1779904,"juin","mardi",2015
"360",2015-06-17,70,88,158,22334,21328,43662,67,5,1,73,13817,844,349,15010,10602,120,10722,1757343,33283,1790626,"juin","mercredi",2015
"361",2015-06-18,90,98,188,22424,21426,43850,75,9,1,85,13892,853,350,15095,11349,163,11512,1768692,33446,1802138,"juin","jeudi",2015
"362",2015-06-19,93,93,186,22517,21519,44036,104,6,5,115,13996,859,355,15210,11744,239,11983,1780436,33685,1814121,"juin","vendredi",2015
"363",2015-06-20,91,104,195,22608,21623,44231,251,7,7,265,14247,866,362,15475,10192,499,10691,1790628,34184,1824812,"juin","samedi",2015
"364",2015-06-21,104,110,214,22712,21733,44445,192,4,2,198,14439,870,364,15673,9353,403,9756,1799981,34587,1834568,"juin","dimanche",2015
"365",2015-06-22,108,92,200,22820,21825,44645,63,6,3,72,14502,876,367,15745,9903,183,10086,1809884,34770,1844654,"juin","lundi",2015
"366",2015-06-23,72,74,146,22892,21899,44791,59,7,3,69,14561,883,370,15814,9334,148,9482,1819218,34918,1854136,"juin","mardi",2015
"367",2015-06-24,94,100,194,22986,21999,44985,83,6,5,94,14644,889,375,15908,11459,179,11638,1830677,35097,1865774,"juin","mercredi",2015
"368",2015-06-25,74,100,174,23060,22099,45159,88,6,9,103,14732,895,384,16011,12147,182,12329,1842824,35279,1878103,"juin","jeudi",2015
"369",2015-06-26,72,102,174,23132,22201,45333,89,8,0,97,14821,903,384,16108,11479,197,11676,1854303,35476,1889779,"juin","vendredi",2015
"370",2015-06-27,70,105,175,23202,22306,45508,159,4,1,164,14980,907,385,16272,9229,302,9531,1863532,35778,1899310,"juin","samedi",2015
"371",2015-06-28,71,87,158,23273,22393,45666,156,1,1,158,15136,908,386,16430,8935,369,9304,1872467,36147,1908614,"juin","dimanche",2015
"372",2015-06-29,104,114,218,23377,22507,45884,66,5,8,79,15202,913,394,16509,9721,141,9862,1882188,36288,1918476,"juin","lundi",2015
"373",2015-06-30,96,101,197,23473,22608,46081,86,3,4,93,15288,916,398,16602,10530,180,10710,1892718,36468,1929186,"juin","mardi",2015
"374",2015-07-01,102,110,212,23575,22718,46293,65,3,6,74,15353,919,404,16676,11245,177,11422,1903963,36645,1940608,"juillet","mercredi",2015
"375",2015-07-02,99,104,203,23674,22822,46496,82,7,7,96,15435,926,411,16772,11512,174,11686,1915475,36819,1952294,"juillet","jeudi",2015
"376",2015-07-03,103,95,198,23777,22917,46694,86,6,1,93,15521,932,412,16865,11083,192,11275,1926558,37011,1963569,"juillet","vendredi",2015
"377",2015-07-04,74,99,173,23851,23016,46867,152,12,2,166,15673,944,414,17031,9401,328,9729,1935959,37339,1973298,"juillet","samedi",2015
"378",2015-07-05,84,97,181,23935,23113,47048,152,6,4,162,15825,950,418,17193,7738,304,8042,1943697,37643,1981340,"juillet","dimanche",2015
"379",2015-07-06,90,111,201,24025,23224,47249,57,3,9,69,15882,953,427,17262,8826,176,9002,1952523,37819,1990342,"juillet","lundi",2015
"380",2015-07-07,75,95,170,24100,23319,47419,78,6,5,89,15960,959,432,17351,9812,168,9980,1962335,37987,2000322,"juillet","mardi",2015
"381",2015-07-08,75,99,174,24175,23418,47593,59,9,3,71,16019,968,435,17422,10855,187,11042,1973190,38174,2011364,"juillet","mercredi",2015
"382",2015-07-09,111,141,252,24286,23559,47845,72,4,4,80,16091,972,439,17502,12130,249,12379,1985320,38423,2023743,"juillet","jeudi",2015
"383",2015-07-10,84,86,170,24370,23645,48015,71,12,1,84,16162,984,440,17586,11325,205,11530,1996645,38628,2035273,"juillet","vendredi",2015
"384",2015-07-11,90,69,159,24460,23714,48174,136,8,3,147,16298,992,443,17733,9101,332,9433,2005746,38960,2044706,"juillet","samedi",2015
"385",2015-07-12,86,87,173,24546,23801,48347,132,11,7,150,16430,1003,450,17883,8299,363,8662,2014045,39323,2053368,"juillet","dimanche",2015
"386",2015-07-13,-211,-310,-521,24335,23491,47826,65,10,1,76,16495,1013,451,17959,10507,259,10766,2024552,39582,2064134,"juillet","lundi",2015
"387",2015-07-14,42,-8,34,24377,23483,47860,37,6,3,46,16532,1019,454,18005,10979,169,11148,2035531,39751,2075282,"juillet","mardi",2015
"388",2015-07-15,61,80,141,24438,23563,48001,52,4,2,58,16584,1023,456,18063,11589,134,11723,2047120,39885,2087005,"juillet","mercredi",2015
"389",2015-07-16,58,87,145,24496,23650,48146,46,7,6,59,16630,1030,462,18122,11593,157,11750,2058713,40042,2098755,"juillet","jeudi",2015
"390",2015-07-17,59,56,115,24555,23706,48261,89,11,5,105,16719,1041,467,18227,10981,212,11193,2069694,40254,2109948,"juillet","vendredi",2015
"391",2015-07-18,61,78,139,24616,23784,48400,155,11,5,171,16874,1052,472,18398,9142,355,9497,2078836,40609,2119445,"juillet","samedi",2015
"392",2015-07-19,74,63,137,24690,23847,48537,175,11,6,192,17049,1063,478,18590,8316,427,8743,2087152,41036,2128188,"juillet","dimanche",2015
"393",2015-07-20,-790,-577,-1367,23900,23270,47170,77,12,2,91,17126,1075,480,18681,10049,268,10317,2097201,41304,2138505,"juillet","lundi",2015
"394",2015-07-21,17,33,50,23917,23303,47220,59,6,2,67,17185,1081,482,18748,10447,192,10639,2107648,41496,2149144,"juillet","mardi",2015
"395",2015-07-22,21,45,66,23938,23348,47286,62,3,4,69,17247,1084,486,18817,10544,151,10695,2118192,41647,2159839,"juillet","mercredi",2015
"396",2015-07-23,40,18,58,23978,23366,47344,69,8,5,82,17316,1092,491,18899,11251,179,11430,2129443,41826,2171269,"juillet","jeudi",2015
"397",2015-07-24,38,7,45,24016,23373,47389,75,14,2,91,17391,1106,493,18990,10465,218,10683,2139908,42044,2181952,"juillet","vendredi",2015
"398",2015-07-25,49,58,107,24065,23431,47496,148,5,2,155,17539,1111,495,19145,8618,393,9011,2148526,42437,2190963,"juillet","samedi",2015
"399",2015-07-26,37,34,71,24102,23465,47567,134,3,2,139,17673,1114,497,19284,7977,316,8293,2156503,42753,2199256,"juillet","dimanche",2015
"400",2015-07-27,23,26,49,24125,23491,47616,65,3,4,72,17738,1117,501,19356,9443,159,9602,2165946,42912,2208858,"juillet","lundi",2015
"401",2015-07-28,30,48,78,24155,23539,47694,65,10,3,78,17803,1127,504,19434,10363,189,10552,2176309,43101,2219410,"juillet","mardi",2015
"402",2015-07-29,28,54,82,24183,23593,47776,62,9,0,71,17865,1136,504,19505,10827,159,10986,2187136,43260,2230396,"juillet","mercredi",2015
"403",2015-07-30,15,26,41,24198,23619,47817,54,5,1,60,17919,1141,505,19565,10578,155,10733,2197714,43415,2241129,"juillet","jeudi",2015
"404",2015-07-31,41,36,77,24239,23655,47894,80,5,1,86,17999,1146,506,19651,9814,189,10003,2207528,43604,2251132,"juillet","vendredi",2015
"405",2015-08-01,-18,11,-7,24221,23666,47887,120,9,6,135,18119,1155,512,19786,8081,282,8363,2215609,43886,2259495,"août","samedi",2015
"406",2015-08-02,46,52,98,24267,23718,47985,180,5,3,188,18299,1160,515,19974,7509,359,7868,2223118,44245,2267363,"août","dimanche",2015
"407",2015-08-03,44,59,103,24311,23777,48088,72,1,6,79,18371,1161,521,20053,8437,177,8614,2231555,44422,2275977,"août","lundi",2015
"408",2015-08-04,49,97,146,24360,23874,48234,69,8,2,79,18440,1169,523,20132,8906,203,9109,2240461,44625,2285086,"août","mardi",2015
"409",2015-08-05,39,53,92,24399,23927,48326,69,5,2,76,18509,1174,525,20208,9327,179,9506,2249788,44804,2294592,"août","mercredi",2015
"410",2015-08-06,27,47,74,24426,23974,48400,100,4,6,110,18609,1178,531,20318,9575,271,9846,2259363,45075,2304438,"août","jeudi",2015
"411",2015-08-07,15,48,63,24441,24022,48463,70,4,1,75,18679,1182,532,20393,8671,175,8846,2268034,45250,2313284,"août","vendredi",2015
"412",2015-08-08,50,41,91,24491,24063,48554,176,4,4,184,18855,1186,536,20577,7554,374,7928,2275588,45624,2321212,"août","samedi",2015
"413",2015-08-09,51,48,99,24542,24111,48653,177,4,4,185,19032,1190,540,20762,6969,374,7343,2282557,45998,2328555,"août","dimanche",2015
"414",2015-08-10,26,55,81,24568,24166,48734,58,4,2,64,19090,1194,542,20826,7986,189,8175,2290543,46187,2336730,"août","lundi",2015
"415",2015-08-11,20,34,54,24588,24200,48788,72,5,2,79,19162,1199,544,20905,8750,191,8941,2299293,46378,2345671,"août","mardi",2015
"416",2015-08-12,25,79,104,24613,24279,48892,108,10,4,122,19270,1209,548,21027,9132,251,9383,2308425,46629,2355054,"août","mercredi",2015
"417",2015-08-13,29,45,74,24642,24324,48966,104,9,2,115,19374,1218,550,21142,8974,236,9210,2317399,46865,2364264,"août","jeudi",2015
"418",2015-08-14,38,49,87,24680,24373,49053,103,3,1,107,19477,1221,551,21249,8165,231,8396,2325564,47096,2372660,"août","vendredi",2015
"419",2015-08-15,47,67,114,24727,24440,49167,148,7,2,157,19625,1228,553,21406,7000,297,7297,2332564,47393,2379957,"août","samedi",2015
"420",2015-08-16,52,53,105,24779,24493,49272,138,9,2,149,19763,1237,555,21555,6770,336,7106,2339334,47729,2387063,"août","dimanche",2015
"421",2015-08-17,44,45,89,24823,24538,49361,64,5,5,74,19827,1242,560,21629,8362,200,8562,2347696,47929,2395625,"août","lundi",2015
"422",2015-08-18,21,55,76,24844,24593,49437,95,11,5,111,19922,1253,565,21740,8796,269,9065,2356492,48198,2404690,"août","mardi",2015
"423",2015-08-19,46,44,90,24890,24637,49527,74,8,7,89,19996,1261,572,21829,8910,227,9137,2365402,48425,2413827,"août","mercredi",2015
"424",2015-08-20,47,56,103,24937,24693,49630,103,9,2,114,20099,1270,574,21943,9408,294,9702,2374810,48719,2423529,"août","jeudi",2015
"425",2015-08-21,44,29,73,24981,24722,49703,95,6,6,107,20194,1276,580,22050,8737,306,9043,2383547,49025,2432572,"août","vendredi",2015
"426",2015-08-22,40,54,94,25021,24776,49797,191,13,2,206,20385,1289,582,22256,7668,475,8143,2391215,49500,2440715,"août","samedi",2015
"427",2015-08-23,49,65,114,25070,24841,49911,205,6,4,215,20590,1295,586,22471,7911,469,8380,2399126,49969,2449095,"août","dimanche",2015
"428",2015-08-24,44,52,96,25114,24893,50007,93,7,8,108,20683,1302,594,22579,8635,223,8858,2407761,50192,2457953,"août","lundi",2015
"429",2015-08-25,44,63,107,25158,24956,50114,76,5,0,81,20759,1307,594,22660,9397,212,9609,2417158,50404,2467562,"août","mardi",2015
"430",2015-08-26,58,49,107,25216,25005,50221,77,8,4,89,20836,1315,598,22749,10135,197,10332,2427293,50601,2477894,"août","mercredi",2015
"431",2015-08-27,56,64,120,25272,25069,50341,78,8,7,93,20914,1323,605,22842,10421,189,10610,2437714,50790,2488504,"août","jeudi",2015
"432",2015-08-28,55,60,115,25327,25129,50456,93,3,2,98,21007,1326,607,22940,10309,245,10554,2448023,51035,2499058,"août","vendredi",2015
"433",2015-08-29,53,61,114,25380,25190,50570,174,8,2,184,21181,1334,609,23124,9433,400,9833,2457456,51435,2508891,"août","samedi",2015
"434",2015-08-30,79,91,170,25459,25281,50740,140,3,4,147,21321,1337,613,23271,8022,312,8334,2465478,51747,2517225,"août","dimanche",2015
"435",2015-08-31,70,82,152,25529,25363,50892,49,12,3,64,21370,1349,616,23335,9601,142,9743,2475079,51889,2526968,"août","lundi",2015
"436",2015-09-01,62,101,163,25591,25464,51055,64,4,2,70,21434,1353,618,23405,11238,162,11400,2486317,52051,2538368,"septembre","mardi",2015
"437",2015-09-02,111,92,203,25702,25556,51258,59,5,1,65,21493,1358,619,23470,11942,158,12100,2498259,52209,2550468,"septembre","mercredi",2015
"438",2015-09-03,83,104,187,25785,25660,51445,76,7,3,86,21569,1365,622,23556,12919,171,13090,2511178,52380,2563558,"septembre","jeudi",2015
"439",2015-09-04,72,91,163,25857,25751,51608,84,8,6,98,21653,1373,628,23654,12253,177,12430,2523431,52557,2575988,"septembre","vendredi",2015
"440",2015-09-05,94,94,188,25951,25845,51796,235,13,10,258,21888,1386,638,23912,10598,454,11052,2534029,53011,2587040,"septembre","samedi",2015
"441",2015-09-06,116,98,214,26067,25943,52010,270,7,3,280,22158,1393,641,24192,10629,561,11190,2544658,53572,2598230,"septembre","dimanche",2015
"442",2015-09-07,85,90,175,26152,26033,52185,71,5,5,81,22229,1398,646,24273,10586,226,10812,2555244,53798,2609042,"septembre","lundi",2015
"443",2015-09-08,50,89,139,26202,26122,52324,72,4,7,83,22301,1402,653,24356,12325,194,12519,2567569,53992,2621561,"septembre","mardi",2015
"444",2015-09-09,79,67,146,26281,26189,52470,67,4,3,74,22368,1406,656,24430,12863,184,13047,2580432,54176,2634608,"septembre","mercredi",2015
"445",2015-09-10,73,73,146,26354,26262,52616,76,7,2,85,22444,1413,658,24515,13747,164,13911,2594179,54340,2648519,"septembre","jeudi",2015
"446",2015-09-11,72,108,180,26426,26370,52796,119,8,6,133,22563,1421,664,24648,13558,254,13812,2607737,54594,2662331,"septembre","vendredi",2015
"447",2015-09-12,83,94,177,26509,26464,52973,254,16,5,275,22817,1437,669,24923,11419,513,11932,2619156,55107,2674263,"septembre","samedi",2015
"448",2015-09-13,100,96,196,26609,26560,53169,259,8,0,267,23076,1445,669,25190,10394,549,10943,2629550,55656,2685206,"septembre","dimanche",2015
"449",2015-09-14,64,81,145,26673,26641,53314,62,15,4,81,23138,1460,673,25271,11076,206,11282,2640626,55862,2696488,"septembre","lundi",2015
"450",2015-09-15,38,41,79,26711,26682,53393,32,2,3,37,23170,1462,676,25308,10079,106,10185,2650705,55968,2706673,"septembre","mardi",2015
"451",2015-09-16,9,21,30,26720,26703,53423,21,2,2,25,23191,1464,678,25333,7669,64,7733,2658374,56032,2714406,"septembre","mercredi",2015
"452",2015-09-17,43,39,82,26763,26742,53505,53,7,3,63,23244,1471,681,25396,11883,127,12010,2670257,56159,2726416,"septembre","jeudi",2015
"453",2015-09-18,54,111,165,26817,26853,53670,83,7,7,97,23327,1478,688,25493,13478,199,13677,2683735,56358,2740093,"septembre","vendredi",2015
"454",2015-09-19,51,49,100,26868,26902,53770,223,11,1,235,23550,1489,689,25728,12287,328,12615,2696022,56686,2752708,"septembre","samedi",2015
"455",2015-09-20,105,72,177,26973,26974,53947,338,9,3,350,23888,1498,692,26078,11685,745,12430,2707707,57431,2765138,"septembre","dimanche",2015
"456",2015-09-21,55,72,127,27028,27046,54074,77,8,7,92,23965,1506,699,26170,12068,230,12298,2719775,57661,2777436,"septembre","lundi",2015
"457",2015-09-22,37,54,91,27065,27100,54165,52,5,3,60,24017,1511,702,26230,13662,130,13792,2733437,57791,2791228,"septembre","mardi",2015
"458",2015-09-23,48,47,95,27113,27147,54260,74,9,2,85,24091,1520,704,26315,13555,198,13753,2746992,57989,2804981,"septembre","mercredi",2015
"459",2015-09-24,61,47,108,27174,27194,54368,70,8,5,83,24161,1528,709,26398,14077,183,14260,2761069,58172,2819241,"septembre","jeudi",2015
"460",2015-09-25,75,63,138,27249,27257,54506,114,10,4,128,24275,1538,713,26526,14976,332,15308,2776045,58504,2834549,"septembre","vendredi",2015
"461",2015-09-26,89,100,189,27338,27357,54695,267,13,4,284,24542,1551,717,26810,13485,594,14079,2789530,59098,2848628,"septembre","samedi",2015
"462",2015-09-27,116,118,234,27454,27475,54929,342,5,4,351,24884,1556,721,27161,12377,723,13100,2801907,59821,2861728,"septembre","dimanche",2015
"463",2015-09-28,35,39,74,27489,27514,55003,97,4,3,104,24981,1560,724,27265,11880,239,12119,2813787,60060,2873847,"septembre","lundi",2015
"464",2015-09-29,39,15,54,27528,27529,55057,61,8,3,72,25042,1568,727,27337,12505,130,12635,2826292,60190,2886482,"septembre","mardi",2015
"465",2015-09-30,73,78,151,27601,27607,55208,53,5,3,61,25095,1573,730,27398,13490,137,13627,2839782,60327,2900109,"septembre","mercredi",2015
"466",2015-10-01,75,85,160,27676,27692,55368,70,6,5,81,25165,1579,735,27479,13882,198,14080,2853664,60525,2914189,"octobre","jeudi",2015
"467",2015-10-02,42,82,124,27718,27774,55492,95,21,1,117,25260,1600,736,27596,15009,250,15259,2868673,60775,2929448,"octobre","vendredi",2015
"468",2015-10-03,91,110,201,27809,27884,55693,248,8,4,260,25508,1608,740,27856,13645,538,14183,2882318,61313,2943631,"octobre","samedi",2015
"469",2015-10-04,68,92,160,27877,27976,55853,271,6,0,277,25779,1614,740,28133,11192,595,11787,2893510,61908,2955418,"octobre","dimanche",2015
"470",2015-10-05,54,-34,20,27931,27942,55873,42,6,4,52,25821,1620,744,28185,9810,165,9975,2903320,62073,2965393,"octobre","lundi",2015
"471",2015-10-06,40,33,73,27971,27975,55946,53,8,2,63,25874,1628,746,28248,12174,144,12318,2915494,62217,2977711,"octobre","mardi",2015
"472",2015-10-07,88,-1,87,28059,27974,56033,54,4,4,62,25928,1632,750,28310,12292,143,12435,2927786,62360,2990146,"octobre","mercredi",2015
"473",2015-10-08,50,44,94,28109,28018,56127,63,3,0,66,25991,1635,750,28376,13045,150,13195,2940831,62510,3003341,"octobre","jeudi",2015
"474",2015-10-09,59,73,132,28168,28091,56259,94,14,2,110,26085,1649,752,28486,13525,241,13766,2954356,62751,3017107,"octobre","vendredi",2015
"475",2015-10-10,59,89,148,28227,28180,56407,228,17,4,249,26313,1666,756,28735,11026,576,11602,2965382,63327,3028709,"octobre","samedi",2015
"476",2015-10-11,36,52,88,28263,28232,56495,181,9,1,191,26494,1675,757,28926,9000,469,9469,2974382,63796,3038178,"octobre","dimanche",2015
"477",2015-10-12,44,45,89,28307,28277,56584,197,11,6,214,26691,1686,763,29140,10093,533,10626,2984475,64329,3048804,"octobre","lundi",2015
"478",2015-10-13,25,19,44,28332,28296,56628,17,4,6,27,26708,1690,769,29167,8567,104,8671,2993042,64433,3057475,"octobre","mardi",2015
"479",2015-10-14,36,33,69,28368,28329,56697,57,6,2,65,26765,1696,771,29232,11475,163,11638,3004517,64596,3069113,"octobre","mercredi",2015
"480",2015-10-15,31,46,77,28399,28375,56774,50,6,2,58,26815,1702,773,29290,12349,142,12491,3016866,64738,3081604,"octobre","jeudi",2015
"481",2015-10-16,33,50,83,28432,28425,56857,81,11,0,92,26896,1713,773,29382,13346,185,13531,3030212,64923,3095135,"octobre","vendredi",2015
"482",2015-10-17,37,60,97,28469,28485,56954,140,11,2,153,27036,1724,775,29535,9709,321,10030,3039921,65244,3105165,"octobre","samedi",2015
"483",2015-10-18,32,40,72,28501,28525,57026,87,5,3,95,27123,1729,778,29630,6005,232,6237,3045926,65476,3111402,"octobre","dimanche",2015
"484",2015-10-19,15,18,33,28516,28543,57059,55,8,3,66,27178,1737,781,29696,8612,175,8787,3054538,65651,3120189,"octobre","lundi",2015
"485",2015-10-20,9,29,38,28525,28572,57097,42,9,5,56,27220,1746,786,29752,11120,190,11310,3065658,65841,3131499,"octobre","mardi",2015
"486",2015-10-21,34,39,73,28559,28611,57170,59,8,1,68,27279,1754,787,29820,11229,165,11394,3076887,66006,3142893,"octobre","mercredi",2015
"487",2015-10-22,38,22,60,28597,28633,57230,48,6,2,56,27327,1760,789,29876,11845,171,12016,3088732,66177,3154909,"octobre","jeudi",2015
"488",2015-10-23,18,29,47,28615,28662,57277,96,9,4,109,27423,1769,793,29985,12461,226,12687,3101193,66403,3167596,"octobre","vendredi",2015
"489",2015-10-24,54,44,98,28669,28706,57375,203,12,4,219,27626,1781,797,30204,12004,484,12488,3113197,66887,3180084,"octobre","samedi",2015
"490",2015-10-25,42,47,89,28711,28753,57464,200,5,1,206,27826,1786,798,30410,11347,495,11842,3124544,67382,3191926,"octobre","dimanche",2015
"491",2015-10-26,56,-7,49,28767,28746,57513,32,4,3,39,27858,1790,801,30449,8135,102,8237,3132679,67484,3200163,"octobre","lundi",2015
"492",2015-10-27,111,96,207,28878,28842,57720,24,3,1,28,27882,1793,802,30477,8764,87,8851,3141443,67571,3209014,"octobre","mardi",2015
"493",2015-10-28,-62,-40,-102,28816,28802,57618,22,4,1,27,27904,1797,803,30504,9598,77,9675,3151041,67648,3218689,"octobre","mercredi",2015
"494",2015-10-29,-3,20,17,28813,28822,57635,34,9,4,47,27938,1806,807,30551,11033,128,11161,3162074,67776,3229850,"octobre","jeudi",2015
"495",2015-10-30,17,36,53,28830,28858,57688,102,10,2,114,28040,1816,809,30665,12678,219,12897,3174752,67995,3242747,"octobre","vendredi",2015
"496",2015-10-31,53,38,91,28883,28896,57779,182,10,4,196,28222,1826,813,30861,11295,395,11690,3186047,68390,3254437,"octobre","samedi",2015
"497",2015-11-01,44,40,84,28927,28936,57863,218,13,0,231,28440,1839,813,31092,9313,471,9784,3195360,68861,3264221,"novembre","dimanche",2015
"498",2015-11-02,-20,6,-14,28907,28942,57849,16,3,1,20,28456,1842,814,31112,4764,69,4833,3200124,68930,3269054,"novembre","lundi",2015
"499",2015-11-03,-7,-13,-20,28900,28929,57829,38,4,1,43,28494,1846,815,31155,8017,98,8115,3208141,69028,3277169,"novembre","mardi",2015
"500",2015-11-04,11,27,38,28911,28956,57867,22,3,2,27,28516,1849,817,31182,8993,72,9065,3217134,69100,3286234,"novembre","mercredi",2015
"501",2015-11-05,18,22,40,28929,28978,57907,31,2,1,34,28547,1851,818,31216,10403,80,10483,3227537,69180,3296717,"novembre","jeudi",2015
"502",2015-11-06,16,58,74,28945,29036,57981,72,13,2,87,28619,1864,820,31303,11091,161,11252,3238628,69341,3307969,"novembre","vendredi",2015
"503",2015-11-07,49,37,86,28994,29073,58067,261,18,3,282,28880,1882,823,31585,10243,577,10820,3248871,69918,3318789,"novembre","samedi",2015
"504",2015-11-08,33,52,85,29027,29125,58152,200,9,1,210,29080,1891,824,31795,9359,433,9792,3258230,70351,3328581,"novembre","dimanche",2015
"505",2015-11-09,51,70,121,29078,29195,58273,199,8,5,212,29279,1899,829,32007,8494,492,8986,3266724,70843,3337567,"novembre","lundi",2015
"506",2015-11-10,30,13,43,29108,29208,58316,56,6,1,63,29335,1905,830,32070,10056,172,10228,3276780,71015,3347795,"novembre","mardi",2015
"507",2015-11-11,39,31,70,29147,29239,58386,46,2,2,50,29381,1907,832,32120,10706,137,10843,3287486,71152,3358638,"novembre","mercredi",2015
"508",2015-11-12,44,52,96,29191,29291,58482,43,6,2,51,29424,1913,834,32171,11054,137,11191,3298540,71289,3369829,"novembre","jeudi",2015
"509",2015-11-13,50,61,111,29241,29352,58593,84,12,3,99,29508,1925,837,32270,12787,260,13047,3311327,71549,3382876,"novembre","vendredi",2015
"510",2015-11-14,60,73,133,29301,29425,58726,181,17,1,199,29689,1942,838,32469,11376,393,11769,3322703,71942,3394645,"novembre","samedi",2015
"511",2015-11-15,54,69,123,29355,29494,58849,220,2,3,225,29909,1944,841,32694,10213,459,10672,3332916,72401,3405317,"novembre","dimanche",2015
"512",2015-11-16,47,33,80,29402,29527,58929,44,2,3,49,29953,1946,844,32743,9545,110,9655,3342461,72511,3414972,"novembre","lundi",2015
"513",2015-11-17,16,16,32,29418,29543,58961,28,2,1,31,29981,1948,845,32774,10372,64,10436,3352833,72575,3425408,"novembre","mardi",2015
"514",2015-11-18,19,16,35,29437,29559,58996,34,2,0,36,30015,1950,845,32810,10986,73,11059,3363819,72648,3436467,"novembre","mercredi",2015
"515",2015-11-19,18,33,51,29455,29592,59047,32,0,1,33,30047,1950,846,32843,11280,71,11351,3375099,72719,3447818,"novembre","jeudi",2015
"516",2015-11-20,16,55,71,29471,29647,59118,83,10,0,93,30130,1960,846,32936,12149,168,12317,3387248,72887,3460135,"novembre","vendredi",2015
"517",2015-11-21,30,30,60,29501,29677,59178,155,7,3,165,30285,1967,849,33101,9836,311,10147,3397084,73198,3470282,"novembre","samedi",2015
"518",2015-11-22,52,27,79,29553,29704,59257,79,2,0,81,30364,1969,849,33182,7103,206,7309,3404187,73404,3477591,"novembre","dimanche",2015
"519",2015-11-23,25,27,52,29578,29731,59309,30,2,2,34,30394,1971,851,33216,7836,62,7898,3412023,73466,3485489,"novembre","lundi",2015
"520",2015-11-24,-8,-15,-23,29570,29716,59286,11,1,1,13,30405,1972,852,33229,8593,69,8662,3420616,73535,3494151,"novembre","mardi",2015
"521",2015-11-25,13,0,13,29583,29716,59299,29,2,0,31,30434,1974,852,33260,9730,63,9793,3430346,73598,3503944,"novembre","mercredi",2015
"522",2015-11-26,5,13,18,29588,29729,59317,50,4,2,56,30484,1978,854,33316,10408,97,10505,3440754,73695,3514449,"novembre","jeudi",2015
"523",2015-11-27,28,25,53,29616,29754,59370,49,5,2,56,30533,1983,856,33372,11242,131,11373,3451996,73826,3525822,"novembre","vendredi",2015
"524",2015-11-28,33,34,67,29649,29788,59437,176,5,2,183,30709,1988,858,33555,10296,379,10675,3462292,74205,3536497,"novembre","samedi",2015
"525",2015-11-29,36,31,67,29685,29819,59504,150,5,1,156,30859,1993,859,33711,8557,304,8861,3470849,74509,3545358,"novembre","dimanche",2015
"526",2015-11-30,7,4,11,29692,29823,59515,28,1,1,30,30887,1994,860,33741,8398,70,8468,3479247,74579,3553826,"novembre","lundi",2015
"527",2015-12-01,13,3,16,29705,29826,59531,18,5,1,24,30905,1999,861,33765,9038,58,9096,3488285,74637,3562922,"décembre","mardi",2015
"528",2015-12-02,9,19,28,29714,29845,59559,22,1,1,24,30927,2000,862,33789,9340,64,9404,3497625,74701,3572326,"décembre","mercredi",2015
"529",2015-12-03,17,48,65,29731,29893,59624,22,1,0,23,30949,2001,862,33812,10303,44,10347,3507928,74745,3582673,"décembre","jeudi",2015
"530",2015-12-04,33,37,70,29764,29930,59694,43,7,5,55,30992,2008,867,33867,10806,105,10911,3518734,74850,3593584,"décembre","vendredi",2015
"531",2015-12-05,28,50,78,29792,29980,59772,195,10,3,208,31187,2018,870,34075,9330,429,9759,3528064,75279,3603343,"décembre","samedi",2015
"532",2015-12-06,57,49,106,29849,30029,59878,210,13,1,224,31397,2031,871,34299,8348,503,8851,3536412,75782,3612194,"décembre","dimanche",2015
"533",2015-12-07,33,13,46,29882,30042,59924,108,1,1,110,31505,2032,872,34409,7860,250,8110,3544272,76032,3620304,"décembre","lundi",2015
"534",2015-12-08,37,35,72,29919,30077,59996,164,0,0,164,31669,2032,872,34573,7519,345,7864,3551791,76377,3628168,"décembre","mardi",2015
"535",2015-12-09,13,38,51,29932,30115,60047,18,2,0,20,31687,2034,872,34593,9109,82,9191,3560900,76459,3637359,"décembre","mercredi",2015
"536",2015-12-10,22,15,37,29954,30130,60084,16,1,2,19,31703,2035,874,34612,9840,50,9890,3570740,76509,3647249,"décembre","jeudi",2015
"537",2015-12-11,15,35,50,29969,30165,60134,46,10,2,58,31749,2045,876,34670,11144,127,11271,3581884,76636,3658520,"décembre","vendredi",2015
"538",2015-12-12,29,41,70,29998,30206,60204,109,3,1,113,31858,2048,877,34783,9687,218,9905,3591571,76854,3668425,"décembre","samedi",2015
"539",2015-12-13,22,13,35,30020,30219,60239,97,5,2,104,31955,2053,879,34887,8505,200,8705,3600076,77054,3677130,"décembre","dimanche",2015
"540",2015-12-14,11,23,34,30031,30242,60273,28,5,2,35,31983,2058,881,34922,7827,77,7904,3607903,77131,3685034,"décembre","lundi",2015
"541",2015-12-15,16,29,45,30047,30271,60318,38,3,1,42,32021,2061,882,34964,9476,82,9558,3617379,77213,3694592,"décembre","mardi",2015
"542",2015-12-16,-4,8,4,30043,30279,60322,29,1,0,30,32050,2062,882,34994,9902,67,9969,3627281,77280,3704561,"décembre","mercredi",2015
"543",2015-12-17,-2,23,21,30041,30302,60343,49,4,1,54,32099,2066,883,35048,10377,142,10519,3637658,77422,3715080,"décembre","jeudi",2015
"544",2015-12-18,-2,29,27,30039,30331,60370,41,4,2,47,32140,2070,885,35095,10936,109,11045,3648594,77531,3726125,"décembre","vendredi",2015
"545",2015-12-19,32,33,65,30071,30364,60435,149,7,4,160,32289,2077,889,35255,10060,280,10340,3658654,77811,3736465,"décembre","samedi",2015
"546",2015-12-20,15,23,38,30086,30387,60473,89,7,4,100,32378,2084,893,35355,8358,177,8535,3667012,77988,3745000,"décembre","dimanche",2015
"547",2015-12-21,4,11,15,30090,30398,60488,52,8,7,67,32430,2092,900,35422,8670,152,8822,3675682,78140,3753822,"décembre","lundi",2015
"548",2015-12-22,14,13,27,30104,30411,60515,56,4,4,64,32486,2096,904,35486,9345,187,9532,3685027,78327,3763354,"décembre","mardi",2015
"549",2015-12-23,27,19,46,30131,30430,60561,63,3,5,71,32549,2099,909,35557,8595,190,8785,3693622,78517,3772139,"décembre","mercredi",2015
"550",2015-12-24,2,7,9,30133,30437,60570,57,7,10,74,32606,2106,919,35631,4942,128,5070,3698564,78645,3777209,"décembre","jeudi",2015
"551",2015-12-25,17,41,58,30150,30478,60628,116,3,6,125,32722,2109,925,35756,3229,317,3546,3701793,78962,3780755,"décembre","vendredi",2015
"552",2015-12-26,18,19,37,30168,30497,60665,113,6,11,130,32835,2115,936,35886,4831,305,5136,3706624,79267,3785891,"décembre","samedi",2015
"553",2015-12-27,22,18,40,30190,30515,60705,118,4,9,131,32953,2119,945,36017,5268,319,5587,3711892,79586,3791478,"décembre","dimanche",2015
"554",2015-12-28,26,23,49,30216,30538,60754,64,10,6,80,33017,2129,951,36097,4701,168,4869,3716593,79754,3796347,"décembre","lundi",2015
"555",2015-12-29,8,9,17,30224,30547,60771,70,12,3,85,33087,2141,954,36182,6205,193,6398,3722798,79947,3802745,"décembre","mardi",2015
"556",2015-12-30,15,22,37,30239,30569,60808,72,15,2,89,33159,2156,956,36271,6758,219,6977,3729556,80166,3809722,"décembre","mercredi",2015
"557",2015-12-31,14,13,27,30253,30582,60835,105,10,4,119,33264,2166,960,36390,4696,255,4951,3734252,80421,3814673,"décembre","jeudi",2015
"558",2016-01-01,21,30,51,30274,30612,60886,124,14,4,142,33388,2180,964,36532,3369,289,3658,3737621,80710,3818331,"janvier","vendredi",2016
"559",2016-01-02,34,31,65,30308,30643,60951,128,8,2,138,33516,2188,966,36670,4739,298,5037,3742360,81008,3823368,"janvier","samedi",2016
"560",2016-01-03,27,20,47,30335,30663,60998,60,5,2,67,33576,2193,968,36737,3919,153,4072,3746279,81161,3827440,"janvier","dimanche",2016
"561",2016-01-04,29,27,56,30364,30690,61054,20,1,2,23,33596,2194,970,36760,4219,95,4314,3750498,81256,3831754,"janvier","lundi",2016
"562",2016-01-05,38,41,79,30402,30731,61133,59,2,4,65,33655,2196,974,36825,6712,144,6856,3757210,81400,3838610,"janvier","mardi",2016
"563",2016-01-06,19,11,30,30421,30742,61163,37,2,0,39,33692,2198,974,36864,3574,79,3653,3760784,81479,3842263,"janvier","mercredi",2016
"564",2016-01-07,29,29,58,30450,30771,61221,35,5,0,40,33727,2203,974,36904,6643,84,6727,3767427,81563,3848990,"janvier","jeudi",2016
"565",2016-01-08,31,15,46,30481,30786,61267,35,3,0,38,33762,2206,974,36942,6621,89,6710,3774048,81652,3855700,"janvier","vendredi",2016
"566",2016-01-09,39,52,91,30520,30838,61358,58,1,2,61,33820,2207,976,37003,6132,126,6258,3780180,81778,3861958,"janvier","samedi",2016
"567",2016-01-10,19,15,34,30539,30853,61392,28,0,0,28,33848,2207,976,37031,3233,40,3273,3783413,81818,3865231,"janvier","dimanche",2016
"568",2016-01-11,7,18,25,30546,30871,61417,14,6,0,20,33862,2213,976,37051,5910,40,5950,3789323,81858,3871181,"janvier","lundi",2016
"569",2016-01-12,26,36,62,30572,30907,61479,24,7,2,33,33886,2220,978,37084,7710,52,7762,3797033,81910,3878943,"janvier","mardi",2016
"570",2016-01-13,30,20,50,30602,30927,61529,27,3,0,30,33913,2223,978,37114,8069,58,8127,3805102,81968,3887070,"janvier","mercredi",2016
"571",2016-01-14,16,17,33,30618,30944,61562,3,2,1,6,33916,2225,979,37120,5378,23,5401,3810480,81991,3892471,"janvier","jeudi",2016
"572",2016-01-15,26,54,80,30644,30998,61642,21,3,0,24,33937,2228,979,37144,8043,41,8084,3818523,82032,3900555,"janvier","vendredi",2016
"573",2016-01-16,42,54,96,30686,31052,61738,134,8,1,143,34071,2236,980,37287,7218,224,7442,3825741,82256,3907997,"janvier","samedi",2016
"574",2016-01-17,37,49,86,30723,31101,61824,65,6,5,76,34136,2242,985,37363,5755,161,5916,3831496,82417,3913913,"janvier","dimanche",2016
"575",2016-01-18,27,42,69,30750,31143,61893,9,1,0,10,34145,2243,985,37373,7002,51,7053,3838498,82468,3920966,"janvier","lundi",2016
"576",2016-01-19,-47,-66,-113,30703,31077,61780,18,2,0,20,34163,2245,985,37393,7669,44,7713,3846167,82512,3928679,"janvier","mardi",2016
"577",2016-01-20,14,24,38,30717,31101,61818,8,3,0,11,34171,2248,985,37404,7881,47,7928,3854048,82559,3936607,"janvier","mercredi",2016
"578",2016-01-21,12,18,30,30729,31119,61848,21,2,1,24,34192,2250,986,37428,7960,42,8002,3862008,82601,3944609,"janvier","jeudi",2016
"579",2016-01-22,20,13,33,30749,31132,61881,22,6,2,30,34214,2256,988,37458,7674,54,7728,3869682,82655,3952337,"janvier","vendredi",2016
"580",2016-01-23,54,51,105,30803,31183,61986,195,8,2,205,34409,2264,990,37663,8214,327,8541,3877896,82982,3960878,"janvier","samedi",2016
"581",2016-01-24,71,63,134,30874,31246,62120,219,6,0,225,34628,2270,990,37888,8189,401,8590,3886085,83383,3969468,"janvier","dimanche",2016
"582",2016-01-25,27,30,57,30901,31276,62177,38,2,1,41,34666,2272,991,37929,8115,100,8215,3894200,83483,3977683,"janvier","lundi",2016
"583",2016-01-26,35,43,78,30936,31319,62255,32,2,3,37,34698,2274,994,37966,8852,103,8955,3903052,83586,3986638,"janvier","mardi",2016
"584",2016-01-27,26,31,57,30962,31350,62312,24,3,1,28,34722,2277,995,37994,8284,65,8349,3911336,83651,3994987,"janvier","mercredi",2016
"585",2016-01-28,27,19,46,30989,31369,62358,21,2,0,23,34743,2279,995,38017,6189,31,6220,3917525,83682,4001207,"janvier","jeudi",2016
"586",2016-01-29,31,46,77,31020,31415,62435,28,3,4,35,34771,2282,999,38052,7609,52,7661,3925134,83734,4008868,"janvier","vendredi",2016
"587",2016-01-30,49,58,107,31069,31473,62542,143,5,4,152,34914,2287,1003,38204,7832,233,8065,3932966,83967,4016933,"janvier","samedi",2016
"588",2016-01-31,59,71,130,31128,31544,62672,236,4,8,248,35150,2291,1011,38452,7424,402,7826,3940390,84369,4024759,"janvier","dimanche",2016
"589",2016-02-01,21,46,67,31149,31590,62739,46,8,2,56,35196,2299,1013,38508,8451,139,8590,3948841,84508,4033349,"février","lundi",2016
"590",2016-02-02,23,26,49,31172,31616,62788,42,4,0,46,35238,2303,1013,38554,8741,115,8856,3957582,84623,4042205,"février","mardi",2016
"591",2016-02-03,27,42,69,31199,31658,62857,32,1,1,34,35270,2304,1014,38588,9214,68,9282,3966796,84691,4051487,"février","mercredi",2016
"592",2016-02-04,19,36,55,31218,31694,62912,27,3,0,30,35297,2307,1014,38618,8992,53,9045,3975788,84744,4060532,"février","jeudi",2016
"593",2016-02-05,19,58,77,31237,31752,62989,49,6,3,58,35346,2313,1017,38676,9145,95,9240,3984933,84839,4069772,"février","vendredi",2016
"594",2016-02-06,28,51,79,31265,31803,63068,110,6,3,119,35456,2319,1020,38795,6781,202,6983,3991714,85041,4076755,"février","samedi",2016
"595",2016-02-07,21,28,49,31286,31831,63117,125,3,1,129,35581,2322,1021,38924,5337,209,5546,3997051,85250,4082301,"février","dimanche",2016
"596",2016-02-08,13,33,46,31299,31864,63163,37,2,0,39,35618,2324,1021,38963,7387,73,7460,4004438,85323,4089761,"février","lundi",2016
"597",2016-02-09,8,25,33,31307,31889,63196,30,0,0,30,35648,2324,1021,38993,7429,63,7492,4011867,85386,4097253,"février","mardi",2016
"598",2016-02-10,20,30,50,31327,31919,63246,19,1,1,21,35667,2325,1022,39014,8634,38,8672,4020501,85424,4105925,"février","mercredi",2016
"599",2016-02-11,25,8,33,31352,31927,63279,15,3,1,19,35682,2328,1023,39033,7491,24,7515,4027992,85448,4113440,"février","jeudi",2016
"600",2016-02-12,7,16,23,31359,31943,63302,16,2,0,18,35698,2330,1023,39051,5129,30,5159,4033121,85478,4118599,"février","vendredi",2016
"601",2016-02-13,26,23,49,31385,31966,63351,86,5,2,93,35784,2335,1025,39144,5180,133,5313,4038301,85611,4123912,"février","samedi",2016
"602",2016-02-14,14,5,19,31399,31971,63370,40,3,1,44,35824,2338,1026,39188,4131,88,4219,4042432,85699,4128131,"février","dimanche",2016
"603",2016-02-15,12,18,30,31411,31989,63400,25,3,0,28,35849,2341,1026,39216,6740,49,6789,4049172,85748,4134920,"février","lundi",2016
"604",2016-02-16,-5,1,-4,31406,31990,63396,18,0,0,18,35867,2341,1026,39234,7308,46,7354,4056480,85794,4142274,"février","mardi",2016
"605",2016-02-17,4,16,20,31410,32006,63416,18,1,1,20,35885,2342,1027,39254,7468,39,7507,4063948,85833,4149781,"février","mercredi",2016
"606",2016-02-18,11,9,20,31421,32015,63436,10,1,1,12,35895,2343,1028,39266,6715,24,6739,4070663,85857,4156520,"février","jeudi",2016
"607",2016-02-19,13,26,39,31434,32041,63475,53,10,0,63,35948,2353,1028,39329,8267,120,8387,4078930,85977,4164907,"février","vendredi",2016
"608",2016-02-20,35,53,88,31469,32094,63563,159,7,3,169,36107,2360,1031,39498,7314,325,7639,4086244,86302,4172546,"février","samedi",2016
"609",2016-02-21,28,43,71,31497,32137,63634,136,3,3,142,36243,2363,1034,39640,6678,298,6976,4092922,86600,4179522,"février","dimanche",2016
"610",2016-02-22,14,12,26,31511,32149,63660,39,2,3,44,36282,2365,1037,39684,7883,98,7981,4100805,86698,4187503,"février","lundi",2016
"611",2016-02-23,14,22,36,31525,32171,63696,52,2,2,56,36334,2367,1039,39740,8821,108,8929,4109626,86806,4196432,"février","mardi",2016
"612",2016-02-24,10,12,22,31535,32183,63718,6,1,2,9,36340,2368,1041,39749,6959,34,6993,4116585,86840,4203425,"février","mercredi",2016
"613",2016-02-25,20,13,33,31555,32196,63751,34,4,1,39,36374,2372,1042,39788,8496,89,8585,4125081,86929,4212010,"février","jeudi",2016
"614",2016-02-26,3,3,6,31558,32199,63757,7,1,0,8,36381,2373,1042,39796,4576,22,4598,4129657,86951,4216608,"février","vendredi",2016
"615",2016-02-27,26,15,41,31584,32214,63798,82,2,1,85,36463,2375,1043,39881,5636,147,5783,4135293,87098,4222391,"février","samedi",2016
"616",2016-02-28,18,16,34,31602,32230,63832,68,5,4,77,36531,2380,1047,39958,5276,122,5398,4140569,87220,4227789,"février","dimanche",2016
"617",2016-02-29,8,16,24,31610,32246,63856,59,4,1,64,36590,2384,1048,40022,7716,132,7848,4148285,87352,4235637,"février","lundi",2016
"618",2016-03-01,21,24,45,31631,32270,63901,40,2,0,42,36630,2386,1048,40064,8496,103,8599,4156781,87455,4244236,"mars","mardi",2016
"619",2016-03-02,17,30,47,31648,32300,63948,31,2,2,35,36661,2388,1050,40099,9229,86,9315,4166010,87541,4253551,"mars","mercredi",2016
"620",2016-03-03,19,24,43,31667,32324,63991,30,3,0,33,36691,2391,1050,40132,9352,80,9432,4175362,87621,4262983,"mars","jeudi",2016
"621",2016-03-04,14,33,47,31681,32357,64038,57,4,2,63,36748,2395,1052,40195,8423,130,8553,4183785,87751,4271536,"mars","vendredi",2016
"622",2016-03-05,27,18,45,31708,32375,64083,85,3,1,89,36833,2398,1053,40284,6171,148,6319,4189956,87899,4277855,"mars","samedi",2016
"623",2016-03-06,19,35,54,31727,32410,64137,152,0,2,154,36985,2398,1055,40438,5793,272,6065,4195749,88171,4283920,"mars","dimanche",2016
"624",2016-03-07,24,25,49,31751,32435,64186,29,3,2,34,37014,2401,1057,40472,6226,80,6306,4201975,88251,4290226,"mars","lundi",2016
"625",2016-03-08,17,4,21,31768,32439,64207,31,4,2,37,37045,2405,1059,40509,8027,69,8096,4210002,88320,4298322,"mars","mardi",2016
"626",2016-03-09,2,-5,-3,31770,32434,64204,26,2,2,30,37071,2407,1061,40539,8058,65,8123,4218060,88385,4306445,"mars","mercredi",2016
"627",2016-03-10,7,24,31,31777,32458,64235,22,4,0,26,37093,2411,1061,40565,8448,66,8514,4226508,88451,4314959,"mars","jeudi",2016
"628",2016-03-11,-4,17,13,31773,32475,64248,61,11,1,73,37154,2422,1062,40638,8943,121,9064,4235451,88572,4324023,"mars","vendredi",2016
"629",2016-03-12,7,39,46,31780,32514,64294,179,8,1,188,37333,2430,1063,40826,7466,370,7836,4242917,88942,4331859,"mars","samedi",2016
"630",2016-03-13,29,44,73,31809,32558,64367,204,9,1,214,37537,2439,1064,41040,6989,387,7376,4249906,89329,4339235,"mars","dimanche",2016
"631",2016-03-14,12,15,27,31821,32573,64394,41,2,0,43,37578,2441,1064,41083,7819,98,7917,4257725,89427,4347152,"mars","lundi",2016
"632",2016-03-15,3,-2,1,31824,32571,64395,31,2,1,34,37609,2443,1065,41117,8757,63,8820,4266482,89490,4355972,"mars","mardi",2016
"633",2016-03-16,-5,15,10,31819,32586,64405,34,4,2,40,37643,2447,1067,41157,9367,81,9448,4275849,89571,4365420,"mars","mercredi",2016
"634",2016-03-17,2,12,14,31821,32598,64419,40,4,5,49,37683,2451,1072,41206,9640,124,9764,4285489,89695,4375184,"mars","jeudi",2016
"635",2016-03-18,8,29,37,31829,32627,64456,56,5,5,66,37739,2456,1077,41272,7918,135,8053,4293407,89830,4383237,"mars","vendredi",2016
"636",2016-03-19,10,2,12,31839,32629,64468,52,4,2,58,37791,2460,1079,41330,4456,104,4560,4297863,89934,4387797,"mars","samedi",2016
"637",2016-03-20,26,-7,19,31865,32622,64487,128,11,0,139,37919,2471,1079,41469,4704,226,4930,4302567,90160,4392727,"mars","dimanche",2016
"638",2016-03-21,10,2,12,31875,32624,64499,41,0,2,43,37960,2471,1081,41512,4085,108,4193,4306652,90268,4396920,"mars","lundi",2016
"639",2016-03-22,-18,1,-17,31857,32625,64482,74,1,2,77,38034,2472,1083,41589,6274,106,6380,4312926,90374,4403300,"mars","mardi",2016
"640",2016-03-23,1,18,19,31858,32643,64501,78,2,3,83,38112,2474,1086,41672,6111,143,6254,4319037,90517,4409554,"mars","mercredi",2016
"641",2016-03-24,26,21,47,31884,32664,64548,202,19,11,232,38314,2493,1097,41904,4115,330,4445,4323152,90847,4413999,"mars","jeudi",2016
"642",2016-03-25,22,16,38,31906,32680,64586,157,21,5,183,38471,2514,1102,42087,3565,377,3942,4326717,91224,4417941,"mars","vendredi",2016
"643",2016-03-26,13,36,49,31919,32716,64635,195,22,3,220,38666,2536,1105,42307,4063,437,4500,4330780,91661,4422441,"mars","samedi",2016
"644",2016-03-27,19,27,46,31938,32743,64681,167,9,2,178,38833,2545,1107,42485,4484,394,4878,4335264,92055,4427319,"mars","dimanche",2016
"645",2016-03-28,18,26,44,31956,32769,64725,48,1,3,52,38881,2546,1110,42537,6427,150,6577,4341691,92205,4433896,"mars","lundi",2016
"646",2016-03-29,30,15,45,31986,32784,64770,49,2,6,57,38930,2548,1116,42594,8496,139,8635,4350187,92344,4442531,"mars","mardi",2016
"647",2016-03-30,12,46,58,31998,32830,64828,67,15,0,82,38997,2563,1116,42676,9752,184,9936,4359939,92528,4452467,"mars","mercredi",2016
"648",2016-03-31,22,31,53,32020,32861,64881,34,2,0,36,39031,2565,1116,42712,8675,95,8770,4368614,92623,4461237,"mars","jeudi",2016
"649",2016-04-01,28,39,67,32048,32900,64948,48,6,0,54,39079,2571,1116,42766,9409,93,9502,4378023,92716,4470739,"avril","vendredi",2016
"650",2016-04-02,38,60,98,32086,32960,65046,197,13,4,214,39276,2584,1120,42980,8228,354,8582,4386251,93070,4479321,"avril","samedi",2016
"651",2016-04-03,18,29,47,32104,32989,65093,81,1,0,82,39357,2585,1120,43062,5656,190,5846,4391907,93260,4485167,"avril","dimanche",2016
"652",2016-04-04,-1,5,4,32103,32994,65097,3,0,0,3,39360,2585,1120,43065,2164,8,2172,4394071,93268,4487339,"avril","lundi",2016
"653",2016-04-05,-4,6,2,32099,33000,65099,64,4,1,69,39424,2589,1121,43134,8928,123,9051,4402999,93391,4496390,"avril","mardi",2016
"654",2016-04-06,11,15,26,32110,33015,65125,35,10,6,51,39459,2599,1127,43185,9910,88,9998,4412909,93479,4506388,"avril","mercredi",2016
"655",2016-04-07,11,25,36,32121,33040,65161,50,4,6,60,39509,2603,1133,43245,10551,132,10683,4423460,93611,4517071,"avril","jeudi",2016
"656",2016-04-08,15,21,36,32136,33061,65197,76,6,4,86,39585,2609,1137,43331,9941,177,10118,4433401,93788,4527189,"avril","vendredi",2016
"657",2016-04-09,50,46,96,32186,33107,65293,260,8,0,268,39845,2617,1137,43599,8593,434,9027,4441994,94222,4536216,"avril","samedi",2016
"658",2016-04-10,14,8,22,32200,33115,65315,69,7,1,77,39914,2624,1138,43676,5373,152,5525,4447367,94374,4541741,"avril","dimanche",2016
"659",2016-04-11,5,-5,0,32205,33110,65315,28,2,1,31,39942,2626,1139,43707,4838,60,4898,4452205,94434,4546639,"avril","lundi",2016
"660",2016-04-12,-6,-12,-18,32199,33098,65297,21,0,2,23,39963,2626,1141,43730,4193,40,4233,4456398,94474,4550872,"avril","mardi",2016
"661",2016-04-13,2,13,15,32201,33111,65312,45,1,2,48,40008,2627,1143,43778,8921,90,9011,4465319,94564,4559883,"avril","mercredi",2016
"662",2016-04-14,13,1,14,32214,33112,65326,57,2,1,60,40065,2629,1144,43838,9814,102,9916,4475133,94666,4569799,"avril","jeudi",2016
"663",2016-04-15,11,5,16,32225,33117,65342,87,8,2,97,40152,2637,1146,43935,9310,188,9498,4484443,94854,4579297,"avril","vendredi",2016
"664",2016-04-16,-5,0,-5,32220,33117,65337,28,5,0,33,40180,2642,1146,43968,4033,61,4094,4488476,94915,4583391,"avril","samedi",2016
"665",2016-04-17,45,50,95,32265,33167,65432,279,3,1,283,40459,2645,1147,44251,7784,487,8271,4496260,95402,4591662,"avril","dimanche",2016
"666",2016-04-18,6,19,25,32271,33186,65457,77,3,5,85,40536,2648,1152,44336,9486,247,9733,4505746,95649,4601395,"avril","lundi",2016
"667",2016-04-19,-5,-17,-22,32266,33169,65435,14,1,2,17,40550,2649,1154,44353,5465,43,5508,4511211,95692,4606903,"avril","mardi",2016
"668",2016-04-20,8,-20,-12,32274,33149,65423,10,2,2,14,40560,2651,1156,44367,5336,30,5366,4516547,95722,4612269,"avril","mercredi",2016
"669",2016-04-21,9,12,21,32283,33161,65444,77,3,2,82,40637,2654,1158,44449,9379,144,9523,4525926,95866,4621792,"avril","jeudi",2016
"670",2016-04-22,13,6,19,32296,33167,65463,79,7,4,90,40716,2661,1162,44539,9275,169,9444,4535201,96035,4631236,"avril","vendredi",2016
"671",2016-04-23,23,30,53,32319,33197,65516,148,13,1,162,40864,2674,1163,44701,7196,292,7488,4542397,96327,4638724,"avril","samedi",2016
"672",2016-04-24,41,62,103,32360,33259,65619,246,9,1,256,41110,2683,1164,44957,8467,553,9020,4550864,96880,4647744,"avril","dimanche",2016
"673",2016-04-25,15,35,50,32375,33294,65669,65,5,1,71,41175,2688,1165,45028,9371,157,9528,4560235,97037,4657272,"avril","lundi",2016
"674",2016-04-26,20,11,31,32395,33305,65700,34,11,1,46,41209,2699,1166,45074,10348,104,10452,4570583,97141,4667724,"avril","mardi",2016
"675",2016-04-27,7,22,29,32402,33327,65729,54,8,0,62,41263,2707,1166,45136,10338,128,10466,4580921,97269,4678190,"avril","mercredi",2016
"676",2016-04-28,0,8,8,32402,33335,65737,50,6,3,59,41313,2713,1169,45195,9873,142,10015,4590794,97411,4688205,"avril","jeudi",2016
"677",2016-04-29,1,22,23,32403,33357,65760,81,15,1,97,41394,2728,1170,45292,9532,221,9753,4600326,97632,4697958,"avril","vendredi",2016
"678",2016-04-30,24,36,60,32427,33393,65820,234,32,6,272,41628,2760,1176,45564,6957,511,7468,4607283,98143,4705426,"avril","samedi",2016
"679",2016-05-01,32,31,63,32459,33424,65883,262,20,3,285,41890,2780,1179,45849,5878,536,6414,4613161,98679,4711840,"mai","dimanche",2016
"680",2016-05-02,50,13,63,32509,33437,65946,267,8,3,278,42157,2788,1182,46127,6703,525,7228,4619864,99204,4719068,"mai","lundi",2016
"681",2016-05-03,14,5,19,32523,33442,65965,76,6,6,88,42233,2794,1188,46215,10253,200,10453,4630117,99404,4729521,"mai","mardi",2016
"682",2016-05-04,21,33,54,32544,33475,66019,86,15,3,104,42319,2809,1191,46319,11535,185,11720,4641652,99589,4741241,"mai","mercredi",2016
"683",2016-05-05,9,32,41,32553,33507,66060,69,6,1,76,42388,2815,1192,46395,9852,190,10042,4651504,99779,4751283,"mai","jeudi",2016
"684",2016-05-06,15,1,16,32568,33508,66076,40,8,0,48,42428,2823,1192,46443,7185,107,7292,4658689,99886,4758575,"mai","vendredi",2016
"685",2016-05-07,12,14,26,32580,33522,66102,154,13,1,168,42582,2836,1193,46611,6695,305,7000,4665384,100191,4765575,"mai","samedi",2016
"686",2016-05-08,-1,-4,-5,32579,33518,66097,20,3,1,24,42602,2839,1194,46635,3054,48,3102,4668438,100239,4768677,"mai","dimanche",2016
"687",2016-05-09,-10,-36,-46,32569,33482,66051,18,2,1,21,42620,2841,1195,46656,5317,34,5351,4673755,100273,4774028,"mai","lundi",2016
"688",2016-05-10,-22,-18,-40,32547,33464,66011,12,0,0,12,42632,2841,1195,46668,5697,40,5737,4679452,100313,4779765,"mai","mardi",2016
"689",2016-05-11,0,-23,-23,32547,33441,65988,19,2,1,22,42651,2843,1196,46690,7080,44,7124,4686532,100357,4786889,"mai","mercredi",2016
"690",2016-05-12,8,1,9,32555,33442,65997,38,7,1,46,42689,2850,1197,46736,8743,57,8800,4695275,100414,4795689,"mai","jeudi",2016
"691",2016-05-13,-1,-6,-7,32554,33436,65990,41,13,1,55,42730,2863,1198,46791,8197,80,8277,4703472,100494,4803966,"mai","vendredi",2016
"692",2016-05-14,18,19,37,32572,33455,66027,182,16,5,203,42912,2879,1203,46994,7334,382,7716,4710806,100876,4811682,"mai","samedi",2016
"693",2016-05-15,21,31,52,32593,33486,66079,231,22,3,256,43143,2901,1206,47250,7474,523,7997,4718280,101399,4819679,"mai","dimanche",2016
"694",2016-05-16,39,29,68,32632,33515,66147,240,23,5,268,43383,2924,1211,47518,8096,547,8643,4726376,101946,4828322,"mai","lundi",2016
"695",2016-05-17,3,3,6,32635,33518,66153,51,7,5,63,43434,2931,1216,47581,10527,267,10794,4736903,102213,4839116,"mai","mardi",2016
"696",2016-05-18,2,8,10,32637,33526,66163,53,7,0,60,43487,2938,1216,47641,11489,174,11663,4748392,102387,4850779,"mai","mercredi",2016
"697",2016-05-19,23,46,69,32660,33572,66232,48,4,8,60,43535,2942,1224,47701,11790,136,11926,4760182,102523,4862705,"mai","jeudi",2016
"698",2016-05-20,14,37,51,32674,33609,66283,118,19,4,141,43653,2961,1228,47842,12225,266,12491,4772407,102789,4875196,"mai","vendredi",2016
"699",2016-05-21,51,54,105,32725,33663,66388,266,12,5,283,43919,2973,1233,48125,10361,565,10926,4782768,103354,4886122,"mai","samedi",2016
"700",2016-05-22,34,55,89,32759,33718,66477,252,7,8,267,44171,2980,1241,48392,8902,538,9440,4791670,103892,4895562,"mai","dimanche",2016
"701",2016-05-23,12,29,41,32771,33747,66518,88,4,2,94,44259,2984,1243,48486,10154,244,10398,4801824,104136,4905960,"mai","lundi",2016
"702",2016-05-24,4,17,21,32775,33764,66539,50,9,4,63,44309,2993,1247,48549,10947,143,11090,4812771,104279,4917050,"mai","mardi",2016
"703",2016-05-25,-8,17,9,32767,33781,66548,65,13,4,82,44374,3006,1251,48631,10956,169,11125,4823727,104448,4928175,"mai","mercredi",2016
"704",2016-05-26,3,4,7,32770,33785,66555,84,14,11,109,44458,3020,1262,48740,11927,226,12153,4835654,104674,4940328,"mai","jeudi",2016
"705",2016-05-27,14,20,34,32784,33805,66589,131,10,8,149,44589,3030,1270,48889,12026,285,12311,4847680,104959,4952639,"mai","vendredi",2016
"706",2016-05-28,15,10,25,32799,33815,66614,131,15,7,153,44720,3045,1277,49042,7365,288,7653,4855045,105247,4960292,"mai","samedi",2016
"707",2016-05-29,28,38,66,32827,33853,66680,193,6,2,201,44913,3051,1279,49243,7612,407,8019,4862657,105654,4968311,"mai","dimanche",2016
"708",2016-05-30,30,27,57,32857,33880,66737,81,7,2,90,44994,3058,1281,49333,10238,228,10466,4872895,105882,4978777,"mai","lundi",2016
"709",2016-05-31,25,28,53,32882,33908,66790,74,3,4,81,45068,3061,1285,49414,11024,166,11190,4883919,106048,4989967,"mai","mardi",2016
"710",2016-06-01,-3,29,26,32879,33937,66816,65,3,10,78,45133,3064,1295,49492,11860,168,12028,4895779,106216,5001995,"juin","mercredi",2016
"711",2016-06-02,58,37,95,32937,33974,66911,66,8,2,76,45199,3072,1297,49568,12091,179,12270,4907870,106395,5014265,"juin","jeudi",2016
"712",2016-06-03,28,43,71,32965,34017,66982,81,15,1,97,45280,3087,1298,49665,11862,235,12097,4919732,106630,5026362,"juin","vendredi",2016
"713",2016-06-04,44,66,110,33009,34083,67092,222,17,6,245,45502,3104,1304,49910,9605,454,10059,4929337,107084,5036421,"juin","samedi",2016
"714",2016-06-05,55,62,117,33064,34145,67209,265,3,6,274,45767,3107,1310,50184,9158,570,9728,4938495,107654,5046149,"juin","dimanche",2016
"715",2016-06-06,14,29,43,33078,34174,67252,79,8,6,93,45846,3115,1316,50277,11216,248,11464,4949711,107902,5057613,"juin","lundi",2016
"716",2016-06-07,22,41,63,33100,34215,67315,65,7,12,84,45911,3122,1328,50361,12214,204,12418,4961925,108106,5070031,"juin","mardi",2016
"717",2016-06-08,9,-14,-5,33109,34201,67310,74,6,5,85,45985,3128,1333,50446,12863,201,13064,4974788,108307,5083095,"juin","mercredi",2016
"718",2016-06-09,30,21,51,33139,34222,67361,77,12,3,92,46062,3140,1336,50538,12630,228,12858,4987418,108535,5095953,"juin","jeudi",2016
"719",2016-06-10,15,9,24,33154,34231,67385,120,25,2,147,46182,3165,1338,50685,12882,299,13181,5000300,108834,5109134,"juin","vendredi",2016
"720",2016-06-11,18,18,36,33172,34249,67421,189,15,4,208,46371,3180,1342,50893,9684,439,10123,5009984,109273,5119257,"juin","samedi",2016
"721",2016-06-12,34,40,74,33206,34289,67495,161,12,8,181,46532,3192,1350,51074,8959,401,9360,5018943,109674,5128617,"juin","dimanche",2016
"722",2016-06-13,26,34,60,33232,34323,67555,48,7,4,59,46580,3199,1354,51133,11566,149,11715,5030509,109823,5140332,"juin","lundi",2016
"723",2016-06-14,11,-4,7,33243,34319,67562,58,3,2,63,46638,3202,1356,51196,12381,136,12517,5042890,109959,5152849,"juin","mardi",2016
"724",2016-06-15,-16,-2,-18,33227,34317,67544,46,4,0,50,46684,3206,1356,51246,11285,113,11398,5054175,110072,5164247,"juin","mercredi",2016
"725",2016-06-16,0,3,3,33227,34320,67547,32,3,7,42,46716,3209,1363,51288,10832,81,10913,5065007,110153,5175160,"juin","jeudi",2016
"726",2016-06-17,14,5,19,33241,34325,67566,73,15,1,89,46789,3224,1364,51377,11401,130,11531,5076408,110283,5186691,"juin","vendredi",2016
"727",2016-06-18,17,22,39,33258,34347,67605,160,14,0,174,46949,3238,1364,51551,8934,350,9284,5085342,110633,5195975,"juin","samedi",2016
"728",2016-06-19,31,24,55,33289,34371,67660,129,4,2,135,47078,3242,1366,51686,8285,305,8590,5093627,110938,5204565,"juin","dimanche",2016
"729",2016-06-20,5,15,20,33294,34386,67680,56,10,3,69,47134,3252,1369,51755,11266,112,11378,5104893,111050,5215943,"juin","lundi",2016
"730",2016-06-21,0,15,15,33294,34401,67695,53,8,3,64,47187,3260,1372,51819,12178,134,12312,5117071,111184,5228255,"juin","mardi",2016
"731",2016-06-22,6,10,16,33300,34411,67711,64,7,1,72,47251,3267,1373,51891,12653,152,12805,5129724,111336,5241060,"juin","mercredi",2016
"732",2016-06-23,8,20,28,33308,34431,67739,84,10,3,97,47335,3277,1376,51988,12639,170,12809,5142363,111506,5253869,"juin","jeudi",2016
"733",2016-06-24,13,-4,9,33321,34427,67748,100,16,1,117,47435,3293,1377,52105,12167,235,12402,5154530,111741,5266271,"juin","vendredi",2016
"734",2016-06-25,9,20,29,33330,34447,67777,177,15,4,196,47612,3308,1381,52301,8780,408,9188,5163310,112149,5275459,"juin","samedi",2016
"735",2016-06-26,21,1,22,33351,34448,67799,145,10,7,162,47757,3318,1388,52463,8510,337,8847,5171820,112486,5284306,"juin","dimanche",2016
"736",2016-06-27,9,-1,8,33360,34447,67807,55,3,5,63,47812,3321,1393,52526,11352,199,11551,5183172,112685,5295857,"juin","lundi",2016
"737",2016-06-28,-2,22,20,33358,34469,67827,54,6,3,63,47866,3327,1396,52589,12087,138,12225,5195259,112823,5308082,"juin","mardi",2016
"738",2016-06-29,11,17,28,33369,34486,67855,59,3,1,63,47925,3330,1397,52652,12558,155,12713,5207817,112978,5320795,"juin","mercredi",2016
"739",2016-06-30,24,15,39,33393,34501,67894,50,7,5,62,47975,3337,1402,52714,12961,147,13108,5220778,113125,5333903,"juin","jeudi",2016
"740",2016-07-01,16,24,40,33409,34525,67934,59,7,0,66,48034,3344,1402,52780,11751,155,11906,5232529,113280,5345809,"juillet","vendredi",2016
"741",2016-07-02,9,0,9,33418,34525,67943,121,15,8,144,48155,3359,1410,52924,8519,298,8817,5241048,113578,5354626,"juillet","samedi",2016
"742",2016-07-03,14,47,61,33432,34572,68004,153,6,6,165,48308,3365,1416,53089,7946,360,8306,5248994,113938,5362932,"juillet","dimanche",2016
"743",2016-07-04,30,32,62,33462,34604,68066,99,6,7,112,48407,3371,1423,53201,10524,255,10779,5259518,114193,5373711,"juillet","lundi",2016
"744",2016-07-05,27,43,70,33489,34647,68136,67,5,5,77,48474,3376,1428,53278,12205,152,12357,5271723,114345,5386068,"juillet","mardi",2016
"745",2016-07-06,26,36,62,33515,34683,68198,60,6,5,71,48534,3382,1433,53349,11981,160,12141,5283704,114505,5398209,"juillet","mercredi",2016
"746",2016-07-07,13,18,31,33528,34701,68229,60,14,5,79,48594,3396,1438,53428,11717,167,11884,5295421,114672,5410093,"juillet","jeudi",2016
"747",2016-07-08,17,27,44,33545,34728,68273,68,18,2,88,48662,3414,1440,53516,11306,183,11489,5306727,114855,5421582,"juillet","vendredi",2016
"748",2016-07-09,18,15,33,33563,34743,68306,133,14,3,150,48795,3428,1443,53666,8220,328,8548,5314947,115183,5430130,"juillet","samedi",2016
"749",2016-07-10,28,29,57,33591,34772,68363,108,4,10,122,48903,3432,1453,53788,7306,340,7646,5322253,115523,5437776,"juillet","dimanche",2016
"750",2016-07-11,8,53,61,33599,34825,68424,41,5,4,50,48944,3437,1457,53838,11081,137,11218,5333334,115660,5448994,"juillet","lundi",2016
"751",2016-07-12,-194,-148,-342,33405,34677,68082,66,13,4,83,49010,3450,1461,53921,12213,153,12366,5345547,115813,5461360,"juillet","mardi",2016
"752",2016-07-13,-7,20,13,33398,34697,68095,64,7,4,75,49074,3457,1465,53996,12648,180,12828,5358195,115993,5474188,"juillet","mercredi",2016
"753",2016-07-14,-15,35,20,33383,34732,68115,66,12,7,85,49140,3469,1472,54081,12046,196,12242,5370241,116189,5486430,"juillet","jeudi",2016
"754",2016-07-15,7,-6,1,33390,34726,68116,62,17,1,80,49202,3486,1473,54161,11028,188,11216,5381269,116377,5497646,"juillet","vendredi",2016
"755",2016-07-16,11,2,13,33401,34728,68129,168,11,4,183,49370,3497,1477,54344,7663,357,8020,5388932,116734,5505666,"juillet","samedi",2016
"756",2016-07-17,17,24,41,33418,34752,68170,98,7,6,111,49468,3504,1483,54455,7107,267,7374,5396039,117001,5513040,"juillet","dimanche",2016
"757",2016-07-18,-420,-204,-624,32998,34548,67546,69,3,4,76,49537,3507,1487,54531,10286,175,10461,5406325,117176,5523501,"juillet","lundi",2016
"758",2016-07-19,-21,-5,-26,32977,34543,67520,55,8,5,68,49592,3515,1492,54599,11385,168,11553,5417710,117344,5535054,"juillet","mardi",2016
"759",2016-07-20,-39,-8,-47,32938,34535,67473,75,3,6,84,49667,3518,1498,54683,11436,199,11635,5429146,117543,5546689,"juillet","mercredi",2016
"760",2016-07-21,-24,-20,-44,32914,34515,67429,49,9,2,60,49716,3527,1500,54743,11715,143,11858,5440861,117686,5558547,"juillet","jeudi",2016
"761",2016-07-22,-1,-13,-14,32913,34502,67415,80,12,4,96,49796,3539,1504,54839,10152,212,10364,5451013,117898,5568911,"juillet","vendredi",2016
"762",2016-07-23,-31,4,-27,32882,34506,67388,120,11,6,137,49916,3550,1510,54976,6206,302,6508,5457219,118200,5575419,"juillet","samedi",2016
"763",2016-07-24,-26,-5,-31,32856,34501,67357,144,2,3,149,50060,3552,1513,55125,5615,302,5917,5462834,118502,5581336,"juillet","dimanche",2016
"764",2016-07-25,14,12,26,32870,34513,67383,95,8,3,106,50155,3560,1516,55231,6071,216,6287,5468905,118718,5587623,"juillet","lundi",2016
"765",2016-07-26,-40,-6,-46,32830,34507,67337,54,13,4,71,50209,3573,1520,55302,10209,143,10352,5479114,118861,5597975,"juillet","mardi",2016
"766",2016-07-27,-24,-9,-33,32806,34498,67304,52,3,1,56,50261,3576,1521,55358,10951,145,11096,5490065,119006,5609071,"juillet","mercredi",2016
"767",2016-07-28,-20,-3,-23,32786,34495,67281,65,7,4,76,50326,3583,1525,55434,11138,151,11289,5501203,119157,5620360,"juillet","jeudi",2016
"768",2016-07-29,-10,-1,-11,32776,34494,67270,73,8,4,85,50399,3591,1529,55519,10110,175,10285,5511313,119332,5630645,"juillet","vendredi",2016
"769",2016-07-30,14,22,36,32790,34516,67306,83,11,10,104,50482,3602,1539,55623,7009,195,7204,5518322,119527,5637849,"juillet","samedi",2016
"770",2016-07-31,-1,-8,-9,32789,34508,67297,126,4,2,132,50608,3606,1541,55755,6726,296,7022,5525048,119823,5644871,"juillet","dimanche",2016
"771",2016-08-01,12,31,43,32801,34539,67340,72,11,3,86,50680,3617,1544,55841,8628,187,8815,5533676,120010,5653686,"août","lundi",2016
"772",2016-08-02,-18,16,-2,32783,34555,67338,98,5,1,104,50778,3622,1545,55945,8900,185,9085,5542576,120195,5662771,"août","mardi",2016
"773",2016-08-03,-31,8,-23,32752,34563,67315,75,12,2,89,50853,3634,1547,56034,9396,204,9600,5551972,120399,5672371,"août","mercredi",2016
"774",2016-08-04,-21,24,3,32731,34587,67318,57,6,2,65,50910,3640,1549,56099,9293,176,9469,5561265,120575,5681840,"août","jeudi",2016
"775",2016-08-05,-21,19,-2,32710,34606,67316,104,2,5,111,51014,3642,1554,56210,8371,191,8562,5569636,120766,5690402,"août","vendredi",2016
"776",2016-08-06,-5,-9,-14,32705,34597,67302,118,10,6,134,51132,3652,1560,56344,5758,258,6016,5575394,121024,5696418,"août","samedi",2016
"777",2016-08-07,-30,-2,-32,32675,34595,67270,121,4,1,126,51253,3656,1561,56470,5413,263,5676,5580807,121287,5702094,"août","dimanche",2016
"778",2016-08-08,-16,10,-6,32659,34605,67264,85,6,4,95,51338,3662,1565,56565,7363,205,7568,5588170,121492,5709662,"août","lundi",2016
"779",2016-08-09,-13,-8,-21,32646,34597,67243,64,7,8,79,51402,3669,1573,56644,7729,168,7897,5595899,121660,5717559,"août","mardi",2016
"780",2016-08-10,-17,-3,-20,32629,34594,67223,69,5,2,76,51471,3674,1575,56720,7980,176,8156,5603879,121836,5725715,"août","mercredi",2016
"781",2016-08-11,-28,-8,-36,32601,34586,67187,74,11,7,92,51545,3685,1582,56812,7932,242,8174,5611811,122078,5733889,"août","jeudi",2016
"782",2016-08-12,-9,-28,-37,32592,34558,67150,122,11,9,142,51667,3696,1591,56954,6982,274,7256,5618793,122352,5741145,"août","vendredi",2016
"783",2016-08-13,-23,-29,-52,32569,34529,67098,138,18,2,158,51805,3714,1593,57112,5006,313,5319,5623799,122665,5746464,"août","samedi",2016
"784",2016-08-14,-9,11,2,32560,34540,67100,186,10,4,200,51991,3724,1597,57312,4671,447,5118,5628470,123112,5751582,"août","dimanche",2016
"785",2016-08-15,-3,-1,-4,32557,34539,67096,126,16,3,145,52117,3740,1600,57457,4916,352,5268,5633386,123464,5756850,"août","lundi",2016
"786",2016-08-16,-11,-5,-16,32546,34534,67080,76,13,4,93,52193,3753,1604,57550,7307,249,7556,5640693,123713,5764406,"août","mardi",2016
"787",2016-08-17,-16,-13,-29,32530,34521,67051,87,18,4,109,52280,3771,1608,57659,7701,222,7923,5648394,123935,5772329,"août","mercredi",2016
"788",2016-08-18,-2,3,1,32528,34524,67052,74,12,4,90,52354,3783,1612,57749,7991,248,8239,5656385,124183,5780568,"août","jeudi",2016
"789",2016-08-19,3,-8,-5,32531,34516,67047,72,8,0,80,52426,3791,1612,57829,7511,232,7743,5663896,124415,5788311,"août","vendredi",2016
"790",2016-08-20,3,-15,-12,32534,34501,67035,127,15,5,147,52553,3806,1617,57976,5738,317,6055,5669634,124732,5794366,"août","samedi",2016
"791",2016-08-21,-6,-13,-19,32528,34488,67016,158,2,4,164,52711,3808,1621,58140,5577,347,5924,5675211,125079,5800290,"août","dimanche",2016
"792",2016-08-22,12,20,32,32540,34508,67048,59,6,6,71,52770,3814,1627,58211,8095,176,8271,5683306,125255,5808561,"août","lundi",2016
"793",2016-08-23,-6,-14,-20,32534,34494,67028,79,8,2,89,52849,3822,1629,58300,8495,208,8703,5691801,125463,5817264,"août","mardi",2016
"794",2016-08-24,-12,-16,-28,32522,34478,67000,78,3,0,81,52927,3825,1629,58381,9040,189,9229,5700841,125652,5826493,"août","mercredi",2016
"795",2016-08-25,-10,-3,-13,32512,34475,66987,91,12,2,105,53018,3837,1631,58486,9013,266,9279,5709854,125918,5835772,"août","jeudi",2016
"796",2016-08-26,-3,-5,-8,32509,34470,66979,82,8,2,92,53100,3845,1633,58578,8348,201,8549,5718202,126119,5844321,"août","vendredi",2016
"797",2016-08-27,3,19,22,32512,34489,67001,141,15,2,158,53241,3860,1635,58736,6998,335,7333,5725200,126454,5851654,"août","samedi",2016
"798",2016-08-28,-12,-10,-22,32500,34479,66979,133,7,3,143,53374,3867,1638,58879,6451,325,6776,5731651,126779,5858430,"août","dimanche",2016
"799",2016-08-29,6,31,37,32506,34510,67016,54,12,4,70,53428,3879,1642,58949,9176,143,9319,5740827,126922,5867749,"août","lundi",2016
"800",2016-08-30,-1,17,16,32505,34527,67032,51,4,2,57,53479,3883,1644,59006,10113,102,10215,5750940,127024,5877964,"août","mardi",2016
"801",2016-08-31,21,21,42,32526,34548,67074,53,7,5,65,53532,3890,1649,59071,10646,143,10789,5761586,127167,5888753,"août","mercredi",2016
"802",2016-09-01,1,4,5,32527,34552,67079,49,3,2,54,53581,3893,1651,59125,10919,103,11022,5772505,127270,5899775,"septembre","jeudi",2016
"803",2016-09-02,28,12,40,32555,34564,67119,63,11,4,78,53644,3904,1655,59203,10929,133,11062,5783434,127403,5910837,"septembre","vendredi",2016
"804",2016-09-03,26,12,38,32581,34576,67157,141,20,8,169,53785,3924,1663,59372,8301,301,8602,5791735,127704,5919439,"septembre","samedi",2016
"805",2016-09-04,22,36,58,32603,34612,67215,130,12,5,147,53915,3936,1668,59519,7925,328,8253,5799660,128032,5927692,"septembre","dimanche",2016
"806",2016-09-05,13,49,62,32616,34661,67277,40,5,3,48,53955,3941,1671,59567,10470,123,10593,5810130,128155,5938285,"septembre","lundi",2016
"807",2016-09-06,1,9,10,32617,34670,67287,41,4,4,49,53996,3945,1675,59616,10927,115,11042,5821057,128270,5949327,"septembre","mardi",2016
"808",2016-09-07,-38,-12,-50,32579,34658,67237,36,5,4,45,54032,3950,1679,59661,11193,80,11273,5832250,128350,5960600,"septembre","mercredi",2016
"809",2016-09-08,-18,-14,-32,32561,34644,67205,63,3,3,69,54095,3953,1682,59730,11283,125,11408,5843533,128475,5972008,"septembre","jeudi",2016
"810",2016-09-09,-8,-10,-18,32553,34634,67187,56,13,6,75,54151,3966,1688,59805,10819,143,10962,5854352,128618,5982970,"septembre","vendredi",2016
"811",2016-09-10,-3,18,15,32550,34652,67202,178,12,5,195,54329,3978,1693,60000,7990,322,8312,5862342,128940,5991282,"septembre","samedi",2016
"812",2016-09-11,-5,4,-1,32545,34656,67201,126,8,2,136,54455,3986,1695,60136,7576,255,7831,5869918,129195,5999113,"septembre","dimanche",2016
"813",2016-09-12,1,19,20,32546,34675,67221,39,9,4,52,54494,3995,1699,60188,9565,138,9703,5879483,129333,6008816,"septembre","lundi",2016
"814",2016-09-13,-34,6,-28,32512,34681,67193,20,7,1,28,54514,4002,1700,60216,8067,70,8137,5887550,129403,6016953,"septembre","mardi",2016
"815",2016-09-14,-42,-30,-72,32470,34651,67121,30,9,1,40,54544,4011,1701,60256,9261,121,9382,5896811,129524,6026335,"septembre","mercredi",2016
"816",2016-09-15,-29,-30,-59,32441,34621,67062,40,6,3,49,54584,4017,1704,60305,9846,115,9961,5906657,129639,6036296,"septembre","jeudi",2016
"817",2016-09-16,-16,8,-8,32425,34629,67054,59,14,5,78,54643,4031,1709,60383,9495,151,9646,5916152,129790,6045942,"septembre","vendredi",2016
"818",2016-09-17,9,18,27,32434,34647,67081,132,12,2,146,54775,4043,1711,60529,7241,225,7466,5923393,130015,6053408,"septembre","samedi",2016
"819",2016-09-18,-6,7,1,32428,34654,67082,154,11,2,167,54929,4054,1713,60696,6623,300,6923,5930016,130315,6060331,"septembre","dimanche",2016
"820",2016-09-19,3,-3,0,32431,34651,67082,44,5,3,52,54973,4059,1716,60748,7953,103,8056,5937969,130418,6068387,"septembre","lundi",2016
"821",2016-09-20,-53,-2,-55,32378,34649,67027,36,4,4,44,55009,4063,1720,60792,8762,79,8841,5946731,130497,6077228,"septembre","mardi",2016
"822",2016-09-21,-30,-27,-57,32348,34622,66970,26,3,2,31,55035,4066,1722,60823,8862,67,8929,5955593,130564,6086157,"septembre","mercredi",2016
"823",2016-09-22,-43,-4,-47,32305,34618,66923,41,1,3,45,55076,4067,1725,60868,9039,94,9133,5964632,130658,6095290,"septembre","jeudi",2016
"824",2016-09-23,-4,-19,-23,32301,34599,66900,67,7,0,74,55143,4074,1725,60942,8378,97,8475,5973010,130755,6103765,"septembre","vendredi",2016
"825",2016-09-24,-14,37,23,32287,34636,66923,155,16,5,176,55298,4090,1730,61118,6482,256,6738,5979492,131011,6110503,"septembre","samedi",2016
"826",2016-09-25,-5,4,-1,32282,34640,66922,151,5,1,157,55449,4095,1731,61275,5751,251,6002,5985243,131262,6116505,"septembre","dimanche",2016
"827",2016-09-26,-14,-15,-29,32268,34625,66893,51,2,3,56,55500,4097,1734,61331,6247,96,6343,5991490,131358,6122848,"septembre","lundi",2016
"828",2016-09-27,-36,-17,-53,32232,34608,66840,34,2,3,39,55534,4099,1737,61370,7728,64,7792,5999218,131422,6130640,"septembre","mardi",2016
"829",2016-09-28,-54,-55,-109,32178,34553,66731,42,3,5,50,55576,4102,1742,61420,8299,67,8366,6007517,131489,6139006,"septembre","mercredi",2016
"830",2016-09-29,-52,-7,-59,32126,34546,66672,41,3,1,45,55617,4105,1743,61465,8452,80,8532,6015969,131569,6147538,"septembre","jeudi",2016
"831",2016-09-30,-26,19,-7,32100,34565,66665,60,9,2,71,55677,4114,1745,61536,8666,129,8795,6024635,131698,6156333,"septembre","vendredi",2016
"832",2016-10-01,-9,10,1,32091,34575,66666,146,13,4,163,55823,4127,1749,61699,7097,278,7375,6031732,131976,6163708,"octobre","samedi",2016
"833",2016-10-02,-4,12,8,32087,34587,66674,197,3,4,204,56020,4130,1753,61903,6789,364,7153,6038521,132340,6170861,"octobre","dimanche",2016
"834",2016-10-03,-21,-10,-31,32066,34577,66643,56,1,3,60,56076,4131,1756,61963,7955,92,8047,6046476,132432,6178908,"octobre","lundi",2016
"835",2016-10-04,-19,-18,-37,32047,34559,66606,37,3,3,43,56113,4134,1759,62006,8608,76,8684,6055084,132508,6187592,"octobre","mardi",2016
"836",2016-10-05,-51,-25,-76,31996,34534,66530,21,2,3,26,56134,4136,1762,62032,8796,51,8847,6063880,132559,6196439,"octobre","mercredi",2016
"837",2016-10-06,-13,-7,-20,31983,34527,66510,37,9,3,49,56171,4145,1765,62081,9093,87,9180,6072973,132646,6205619,"octobre","jeudi",2016
"838",2016-10-07,-25,24,-1,31958,34551,66509,55,27,0,82,56226,4172,1765,62163,8688,154,8842,6081661,132800,6214461,"octobre","vendredi",2016
"839",2016-10-08,-14,15,1,31944,34566,66510,181,11,5,197,56407,4183,1770,62360,6889,348,7237,6088550,133148,6221698,"octobre","samedi",2016
"840",2016-10-09,-23,10,-13,31921,34576,66497,151,8,1,160,56558,4191,1771,62520,6079,336,6415,6094629,133484,6228113,"octobre","dimanche",2016
"841",2016-10-10,-8,-26,-34,31913,34550,66463,46,4,2,52,56604,4195,1773,62572,7277,110,7387,6101906,133594,6235500,"octobre","lundi",2016
"842",2016-10-11,-24,-22,-46,31889,34528,66417,31,2,5,38,56635,4197,1778,62610,8050,82,8132,6109956,133676,6243632,"octobre","mardi",2016
"843",2016-10-12,-41,-58,-99,31848,34470,66318,13,1,0,14,56648,4198,1778,62624,2759,22,2781,6112715,133698,6246413,"octobre","mercredi",2016
"844",2016-10-13,-53,-27,-80,31795,34443,66238,12,0,3,15,56660,4198,1781,62639,4491,35,4526,6117206,133733,6250939,"octobre","jeudi",2016
"845",2016-10-14,-39,2,-37,31756,34445,66201,27,4,2,33,56687,4202,1783,62672,6151,49,6200,6123357,133782,6257139,"octobre","vendredi",2016
"846",2016-10-15,-7,-8,-15,31749,34437,66186,94,4,1,99,56781,4206,1784,62771,5162,144,5306,6128519,133926,6262445,"octobre","samedi",2016
"847",2016-10-16,-8,-15,-23,31741,34422,66163,94,2,1,97,56875,4208,1785,62868,4381,180,4561,6132900,134106,6267006,"octobre","dimanche",2016
"848",2016-10-17,-20,-18,-38,31721,34404,66125,20,6,1,27,56895,4214,1786,62895,5113,70,5183,6138013,134176,6272189,"octobre","lundi",2016
"849",2016-10-18,-26,-35,-61,31695,34369,66064,18,0,2,20,56913,4214,1788,62915,6263,44,6307,6144276,134220,6278496,"octobre","mardi",2016
"850",2016-10-19,-40,-30,-70,31655,34339,65994,9,1,0,10,56922,4215,1788,62925,4292,17,4309,6148568,134237,6282805,"octobre","mercredi",2016
"851",2016-10-20,-47,-38,-85,31608,34301,65909,12,0,0,12,56934,4215,1788,62937,3888,14,3902,6152456,134251,6286707,"octobre","jeudi",2016
"852",2016-10-21,-31,-15,-46,31577,34286,65863,36,6,5,47,56970,4221,1793,62984,5610,68,5678,6158066,134319,6292385,"octobre","vendredi",2016
"853",2016-10-22,-33,-29,-62,31544,34257,65801,22,3,0,25,56992,4224,1793,63009,2604,43,2647,6160670,134362,6295032,"octobre","samedi",2016
"854",2016-10-23,-29,-28,-57,31515,34229,65744,17,0,1,18,57009,4224,1794,63027,1917,36,1953,6162587,134398,6296985,"octobre","dimanche",2016
"855",2016-10-24,-22,-42,-64,31493,34187,65680,12,1,0,13,57021,4225,1794,63040,3811,32,3843,6166398,134430,6300828,"octobre","lundi",2016
"856",2016-10-25,-39,-36,-75,31454,34151,65605,20,2,1,23,57041,4227,1795,63063,5060,36,5096,6171458,134466,6305924,"octobre","mardi",2016
"857",2016-10-26,-48,-38,-86,31406,34113,65519,34,2,1,37,57075,4229,1796,63100,5920,60,5980,6177378,134526,6311904,"octobre","mercredi",2016
"858",2016-10-27,-45,-13,-58,31361,34100,65461,32,3,2,37,57107,4232,1798,63137,5986,73,6059,6183364,134599,6317963,"octobre","jeudi",2016
"859",2016-10-28,-9,-13,-22,31352,34087,65439,32,6,4,42,57139,4238,1802,63179,5541,62,5603,6188905,134661,6323566,"octobre","vendredi",2016
"860",2016-10-29,4,-6,-2,31356,34081,65437,99,21,5,125,57238,4259,1807,63304,4389,186,4575,6193294,134847,6328141,"octobre","samedi",2016
"861",2016-10-30,-16,-1,-17,31340,34080,65420,131,4,2,137,57369,4263,1809,63441,3617,255,3872,6196911,135102,6332013,"octobre","dimanche",2016
"862",2016-10-31,-14,-11,-25,31326,34069,65395,71,1,0,72,57440,4264,1809,63513,4701,117,4818,6201612,135219,6336831,"octobre","lundi",2016
"863",2016-11-01,-11,-4,-15,31315,34065,65380,97,4,2,103,57537,4268,1811,63616,4235,168,4403,6205847,135387,6341234,"novembre","mardi",2016
"864",2016-11-02,-41,-24,-65,31274,34041,65315,17,5,5,27,57554,4273,1816,63643,5645,46,5691,6211492,135433,6346925,"novembre","mercredi",2016
"865",2016-11-03,-27,-16,-43,31247,34025,65272,16,2,3,21,57570,4275,1819,63664,6153,58,6211,6217645,135491,6353136,"novembre","jeudi",2016
"866",2016-11-04,-13,-18,-31,31234,34007,65241,6,1,0,7,57576,4276,1819,63671,2947,18,2965,6220592,135509,6356101,"novembre","vendredi",2016
"867",2016-11-05,-9,-26,-35,31225,33981,65206,10,1,2,13,57586,4277,1821,63684,2166,19,2185,6222758,135528,6358286,"novembre","samedi",2016
"868",2016-11-06,5,-15,-10,31230,33966,65196,71,7,2,80,57657,4284,1823,63764,3682,122,3804,6226440,135650,6362090,"novembre","dimanche",2016
"869",2016-11-07,-28,-14,-42,31202,33952,65154,18,1,2,21,57675,4285,1825,63785,4564,56,4620,6231004,135706,6366710,"novembre","lundi",2016
"870",2016-11-08,-46,-39,-85,31156,33913,65069,14,4,1,19,57689,4289,1826,63804,5525,45,5570,6236529,135751,6372280,"novembre","mardi",2016
"871",2016-11-09,-39,-24,-63,31117,33889,65006,49,1,0,50,57738,4290,1826,63854,4031,61,4092,6240560,135812,6376372,"novembre","mercredi",2016
"872",2016-11-10,-19,-15,-34,31098,33874,64972,21,0,2,23,57759,4290,1828,63877,5555,50,5605,6246115,135862,6381977,"novembre","jeudi",2016
"873",2016-11-11,-14,-26,-40,31084,33848,64932,30,7,1,38,57789,4297,1829,63915,5773,67,5840,6251888,135929,6387817,"novembre","vendredi",2016
"874",2016-11-12,0,-14,-14,31084,33834,64918,77,10,2,89,57866,4307,1831,64004,4465,121,4586,6256353,136050,6392403,"novembre","samedi",2016
"875",2016-11-13,-5,-2,-7,31079,33832,64911,84,4,2,90,57950,4311,1833,64094,4276,144,4420,6260629,136194,6396823,"novembre","dimanche",2016
"876",2016-11-14,-22,-30,-52,31057,33802,64859,13,1,3,17,57963,4312,1836,64111,5138,35,5173,6265767,136229,6401996,"novembre","lundi",2016
"877",2016-11-15,-12,-37,-49,31045,33765,64810,25,3,2,30,57988,4315,1838,64141,5148,57,5205,6270915,136286,6407201,"novembre","mardi",2016
"878",2016-11-16,-15,-47,-62,31030,33718,64748,23,0,2,25,58011,4315,1840,64166,5450,40,5490,6276365,136326,6412691,"novembre","mercredi",2016
"879",2016-11-17,-56,-28,-84,30974,33690,64664,16,2,1,19,58027,4317,1841,64185,5774,39,5813,6282139,136365,6418504,"novembre","jeudi",2016
"880",2016-11-18,-15,-27,-42,30959,33663,64622,22,7,0,29,58049,4324,1841,64214,5858,67,5925,6287997,136432,6424429,"novembre","vendredi",2016
"881",2016-11-19,-22,-4,-26,30937,33659,64596,101,7,0,108,58150,4331,1841,64322,4556,183,4739,6292553,136615,6429168,"novembre","samedi",2016
"882",2016-11-20,-19,-32,-51,30918,33627,64545,4,0,0,4,58154,4331,1841,64326,1502,22,1524,6294055,136637,6430692,"novembre","dimanche",2016
"883",2016-11-21,-18,-46,-64,30900,33581,64481,12,1,1,14,58166,4332,1842,64340,4146,25,4171,6298201,136662,6434863,"novembre","lundi",2016
"884",2016-11-22,-19,-50,-69,30881,33531,64412,6,1,1,8,58172,4333,1843,64348,4850,12,4862,6303051,136674,6439725,"novembre","mardi",2016
"885",2016-11-23,-24,-51,-75,30857,33480,64337,9,0,0,9,58181,4333,1843,64357,4312,12,4324,6307363,136686,6444049,"novembre","mercredi",2016
"886",2016-11-24,-21,-19,-40,30836,33461,64297,11,4,3,18,58192,4337,1846,64375,5213,26,5239,6312576,136712,6449288,"novembre","jeudi",2016
"887",2016-11-25,-21,-25,-46,30815,33436,64251,3,0,0,3,58195,4337,1846,64378,2759,8,2767,6315335,136720,6452055,"novembre","vendredi",2016
"888",2016-11-26,-24,-22,-46,30791,33414,64205,6,0,0,6,58201,4337,1846,64384,1782,9,1791,6317117,136729,6453846,"novembre","samedi",2016
"889",2016-11-27,-19,-19,-38,30772,33395,64167,5,2,2,9,58206,4339,1848,64393,1802,18,1820,6318919,136747,6455666,"novembre","dimanche",2016
"890",2016-11-28,-19,-34,-53,30753,33361,64114,25,5,3,33,58231,4344,1851,64426,5310,62,5372,6324229,136809,6461038,"novembre","lundi",2016
"891",2016-11-29,-11,-31,-42,30742,33330,64072,8,0,1,9,58239,4344,1852,64435,5299,27,5326,6329528,136836,6466364,"novembre","mardi",2016
"892",2016-11-30,-12,-14,-26,30730,33316,64046,12,0,1,13,58251,4344,1853,64448,5987,39,6026,6335515,136875,6472390,"novembre","mercredi",2016
"893",2016-12-01,-24,-10,-34,30706,33306,64012,9,3,0,12,58260,4347,1853,64460,6249,23,6272,6341764,136898,6478662,"décembre","jeudi",2016
"894",2016-12-02,-8,3,-5,30698,33309,64007,20,1,1,22,58280,4348,1854,64482,6511,45,6556,6348275,136943,6485218,"décembre","vendredi",2016
"895",2016-12-03,2,10,12,30700,33319,64019,90,7,1,98,58370,4355,1855,64580,4623,173,4796,6352898,137116,6490014,"décembre","samedi",2016
"896",2016-12-04,-2,-2,-4,30698,33317,64015,6,5,1,12,58376,4360,1856,64592,1937,26,1963,6354835,137142,6491977,"décembre","dimanche",2016
"897",2016-12-05,2,-11,-9,30700,33306,64006,33,1,2,36,58409,4361,1858,64628,5256,67,5323,6360091,137209,6497300,"décembre","lundi",2016
"898",2016-12-06,10,9,19,30710,33315,64025,103,10,3,116,58512,4371,1861,64744,4903,191,5094,6364994,137400,6502394,"décembre","mardi",2016
"899",2016-12-07,-10,-3,-13,30700,33312,64012,20,2,1,23,58532,4373,1862,64767,5971,61,6032,6370965,137461,6508426,"décembre","mercredi",2016
"900",2016-12-08,3,-2,1,30703,33310,64013,71,1,3,75,58603,4374,1865,64842,4449,117,4566,6375414,137578,6512992,"décembre","jeudi",2016
"901",2016-12-09,-3,-8,-11,30700,33302,64002,44,10,0,54,58647,4384,1865,64896,5341,82,5423,6380755,137660,6518415,"décembre","vendredi",2016
"902",2016-12-10,1,5,6,30701,33307,64008,112,6,0,118,58759,4390,1865,65014,4806,206,5012,6385561,137866,6523427,"décembre","samedi",2016
"903",2016-12-11,-7,-4,-11,30694,33303,63997,74,3,1,78,58833,4393,1866,65092,4386,134,4520,6389947,138000,6527947,"décembre","dimanche",2016
"904",2016-12-12,-20,-14,-34,30674,33289,63963,14,0,0,14,58847,4393,1866,65106,5650,30,5680,6395597,138030,6533627,"décembre","lundi",2016
"905",2016-12-13,-14,-25,-39,30660,33264,63924,11,6,0,17,58858,4399,1866,65123,5799,25,5824,6401396,138055,6539451,"décembre","mardi",2016
"906",2016-12-14,-34,-32,-66,30626,33232,63858,8,0,0,8,58866,4399,1866,65131,5191,15,5206,6406587,138070,6544657,"décembre","mercredi",2016
"907",2016-12-15,-13,-28,-41,30613,33204,63817,7,2,0,9,58873,4401,1866,65140,4259,15,4274,6410846,138085,6548931,"décembre","jeudi",2016
"908",2016-12-16,-20,-22,-42,30593,33182,63775,3,1,3,7,58876,4402,1869,65147,4169,14,4183,6415015,138099,6553114,"décembre","vendredi",2016
"909",2016-12-17,-13,-14,-27,30580,33168,63748,74,5,3,82,58950,4407,1872,65229,5660,117,5777,6420675,138216,6558891,"décembre","samedi",2016
"910",2016-12-18,-10,5,-5,30570,33173,63743,63,3,1,67,59013,4410,1873,65296,4624,111,4735,6425299,138327,6563626,"décembre","dimanche",2016
"911",2016-12-19,-14,-19,-33,30556,33154,63710,20,2,2,24,59033,4412,1875,65320,5723,54,5777,6431022,138381,6569403,"décembre","lundi",2016
"912",2016-12-20,-8,-10,-18,30548,33144,63692,17,6,2,25,59050,4418,1877,65345,6158,50,6208,6437180,138431,6575611,"décembre","mardi",2016
"913",2016-12-21,-6,-9,-15,30542,33135,63677,16,2,11,29,59066,4420,1888,65374,6711,67,6778,6443891,138498,6582389,"décembre","mercredi",2016
"914",2016-12-22,7,-12,-5,30549,33123,63672,14,1,0,15,59080,4421,1888,65389,6676,46,6722,6450567,138544,6589111,"décembre","jeudi",2016
"915",2016-12-23,-11,-8,-19,30538,33115,63653,35,4,3,42,59115,4425,1891,65431,5949,102,6051,6456516,138646,6595162,"décembre","vendredi",2016
"916",2016-12-24,0,-9,-9,30538,33106,63644,37,2,2,41,59152,4427,1893,65472,3265,87,3352,6459781,138733,6598514,"décembre","samedi",2016
"917",2016-12-25,3,-2,1,30541,33104,63645,45,8,12,65,59197,4435,1905,65537,1911,116,2027,6461692,138849,6600541,"décembre","dimanche",2016
"918",2016-12-26,7,-7,0,30548,33097,63645,67,5,8,80,59264,4440,1913,65617,2996,131,3127,6464688,138980,6603668,"décembre","lundi",2016
"919",2016-12-27,-15,-24,-39,30533,33073,63606,63,5,6,74,59327,4445,1919,65691,4799,160,4959,6469487,139140,6608627,"décembre","mardi",2016
"920",2016-12-28,-10,-11,-21,30523,33062,63585,98,5,5,108,59425,4450,1924,65799,5185,247,5432,6474672,139387,6614059,"décembre","mercredi",2016
"921",2016-12-29,-6,-4,-10,30517,33058,63575,95,6,8,109,59520,4456,1932,65908,5561,211,5772,6480233,139598,6619831,"décembre","jeudi",2016
"922",2016-12-30,-20,-3,-23,30497,33055,63552,82,9,4,95,59602,4465,1936,66003,4972,208,5180,6485205,139806,6625011,"décembre","vendredi",2016
"923",2016-12-31,-4,-5,-9,30493,33050,63543,31,6,4,41,59633,4471,1940,66044,2696,103,2799,6487901,139909,6627810,"décembre","samedi",2016
"924",2017-01-01,-2,-2,-4,30491,33048,63539,60,1,5,66,59693,4472,1945,66110,1767,133,1900,6489668,140042,6629710,"janvier","dimanche",2017
"925",2017-01-02,0,-13,-13,30491,33035,63526,51,11,7,69,59744,4483,1952,66179,3297,116,3413,6492965,140158,6633123,"janvier","lundi",2017
"926",2017-01-03,-4,1,-3,30487,33036,63523,53,7,3,63,59797,4490,1955,66242,4507,156,4663,6497472,140314,6637786,"janvier","mardi",2017
"927",2017-01-04,-8,1,-7,30479,33037,63516,57,3,4,64,59854,4493,1959,66306,5214,162,5376,6502686,140476,6643162,"janvier","mercredi",2017
"928",2017-01-05,2,-3,-1,30481,33034,63515,39,2,1,42,59893,4495,1960,66348,5077,118,5195,6507763,140594,6648357,"janvier","jeudi",2017
"929",2017-01-06,13,7,20,30494,33041,63535,86,8,3,97,59979,4503,1963,66445,2934,161,3095,6510697,140755,6651452,"janvier","vendredi",2017
"930",2017-01-07,17,4,21,30511,33045,63556,47,2,1,50,60026,4505,1964,66495,4030,111,4141,6514727,140866,6655593,"janvier","samedi",2017
"931",2017-01-08,8,9,17,30519,33054,63573,56,0,1,57,60082,4505,1965,66552,3760,97,3857,6518487,140963,6659450,"janvier","dimanche",2017
"932",2017-01-09,2,9,11,30521,33063,63584,34,2,0,36,60116,4507,1965,66588,5686,76,5762,6524173,141039,6665212,"janvier","lundi",2017
"933",2017-01-10,4,-6,-2,30525,33057,63582,20,1,1,22,60136,4508,1966,66610,6221,55,6276,6530394,141094,6671488,"janvier","mardi",2017
"934",2017-01-11,3,13,16,30528,33070,63598,32,0,1,33,60168,4508,1967,66643,6974,54,7028,6537368,141148,6678516,"janvier","mercredi",2017
"935",2017-01-12,-2,9,7,30526,33079,63605,35,2,1,38,60203,4510,1968,66681,6788,77,6865,6544156,141225,6685381,"janvier","jeudi",2017
"936",2017-01-13,-16,3,-13,30510,33082,63592,34,6,6,46,60237,4516,1974,66727,6743,105,6848,6550899,141330,6692229,"janvier","vendredi",2017
"937",2017-01-14,7,-4,3,30517,33078,63595,71,5,1,77,60308,4521,1975,66804,5080,149,5229,6555979,141479,6697458,"janvier","samedi",2017
"938",2017-01-15,-1,16,15,30516,33094,63610,61,2,1,64,60369,4523,1976,66868,4234,139,4373,6560213,141618,6701831,"janvier","dimanche",2017
"939",2017-01-16,2,3,5,30518,33097,63615,25,1,1,27,60394,4524,1977,66895,6036,54,6090,6566249,141672,6707921,"janvier","lundi",2017
"940",2017-01-17,-12,-13,-25,30506,33084,63590,11,4,2,17,60405,4528,1979,66912,5961,34,5995,6572210,141706,6713916,"janvier","mardi",2017
"941",2017-01-18,-17,-6,-23,30489,33078,63567,14,3,0,17,60419,4531,1979,66929,5328,47,5375,6577538,141753,6719291,"janvier","mercredi",2017
"942",2017-01-19,-17,-9,-26,30472,33069,63541,17,1,1,19,60436,4532,1980,66948,5084,55,5139,6582622,141808,6724430,"janvier","jeudi",2017
"943",2017-01-20,-21,-20,-41,30451,33049,63500,21,4,1,26,60457,4536,1981,66974,5243,55,5298,6587865,141863,6729728,"janvier","vendredi",2017
"944",2017-01-21,-13,-22,-35,30438,33027,63465,55,2,2,59,60512,4538,1983,67033,4548,119,4667,6592413,141982,6734395,"janvier","samedi",2017
"945",2017-01-22,4,5,9,30442,33032,63474,55,0,2,57,60567,4538,1985,67090,4003,96,4099,6596416,142078,6738494,"janvier","dimanche",2017
"946",2017-01-23,8,6,14,30450,33038,63488,16,1,2,19,60583,4539,1987,67109,5768,35,5803,6602184,142113,6744297,"janvier","lundi",2017
"947",2017-01-24,-11,-27,-38,30439,33011,63450,9,0,0,9,60592,4539,1987,67118,6515,25,6540,6608699,142138,6750837,"janvier","mardi",2017
"948",2017-01-25,-11,-11,-22,30428,33000,63428,16,1,0,17,60608,4540,1987,67135,6435,37,6472,6615134,142175,6757309,"janvier","mercredi",2017
"949",2017-01-26,-7,8,1,30421,33008,63429,11,0,1,12,60619,4540,1988,67147,6187,17,6204,6621321,142192,6763513,"janvier","jeudi",2017
"950",2017-01-27,-6,-13,-19,30415,32995,63410,3,0,0,3,60622,4540,1988,67150,4038,10,4048,6625359,142202,6767561,"janvier","vendredi",2017
"951",2017-01-28,7,2,9,30422,32997,63419,92,1,0,93,60714,4541,1988,67243,4479,141,4620,6629838,142343,6772181,"janvier","samedi",2017
"952",2017-01-29,-4,6,2,30418,33003,63421,32,0,1,33,60746,4541,1989,67276,2874,52,2926,6632712,142395,6775107,"janvier","dimanche",2017
"953",2017-01-30,-4,6,2,30414,33009,63423,32,0,0,32,60778,4541,1989,67308,5438,67,5505,6638150,142462,6780612,"janvier","lundi",2017
"954",2017-01-31,-13,-19,-32,30401,32990,63391,23,3,7,33,60801,4544,1996,67341,6756,45,6801,6644906,142507,6787413,"janvier","mardi",2017
"955",2017-02-01,-36,-7,-43,30365,32983,63348,15,2,1,18,60816,4546,1997,67359,6245,53,6298,6651151,142560,6793711,"février","mercredi",2017
"956",2017-02-02,-21,-19,-40,30344,32964,63308,14,2,0,16,60830,4548,1997,67375,5170,39,5209,6656321,142599,6798920,"février","jeudi",2017
"957",2017-02-03,-25,-6,-31,30319,32958,63277,11,2,0,13,60841,4550,1997,67388,5573,49,5622,6661894,142648,6804542,"février","vendredi",2017
"958",2017-02-04,-10,2,-8,30309,32960,63269,36,7,0,43,60877,4557,1997,67431,4093,74,4167,6665987,142722,6808709,"février","samedi",2017
"959",2017-02-05,5,23,28,30314,32983,63297,48,3,1,52,60925,4560,1998,67483,3967,97,4064,6669954,142819,6812773,"février","dimanche",2017
"960",2017-02-06,-10,-15,-25,30304,32968,63272,25,0,1,26,60950,4560,1999,67509,6602,49,6651,6676556,142868,6819424,"février","lundi",2017
"961",2017-02-07,-8,-26,-34,30296,32942,63238,7,1,0,8,60957,4561,1999,67517,6097,20,6117,6682653,142888,6825541,"février","mardi",2017
"962",2017-02-08,-10,-1,-11,30286,32941,63227,11,1,0,12,60968,4562,1999,67529,7163,19,7182,6689816,142907,6832723,"février","mercredi",2017
"963",2017-02-09,5,-18,-13,30291,32923,63214,22,1,2,25,60990,4563,2001,67554,7020,42,7062,6696836,142949,6839785,"février","jeudi",2017
"964",2017-02-10,-13,-12,-25,30278,32911,63189,10,1,1,12,61000,4564,2002,67566,4641,18,4659,6701477,142967,6844444,"février","vendredi",2017
"965",2017-02-11,-10,-20,-30,30268,32891,63159,19,4,0,23,61019,4568,2002,67589,2477,27,2504,6703954,142994,6846948,"février","samedi",2017
"966",2017-02-12,-13,1,-12,30255,32892,63147,10,0,0,10,61029,4568,2002,67599,1929,14,1943,6705883,143008,6848891,"février","dimanche",2017
"967",2017-02-13,5,-13,-8,30260,32879,63139,15,2,0,17,61044,4570,2002,67616,5536,36,5572,6711419,143044,6854463,"février","lundi",2017
"968",2017-02-14,-5,-9,-14,30255,32870,63125,39,9,1,49,61083,4579,2003,67665,6990,82,7072,6718409,143126,6861535,"février","mardi",2017
"969",2017-02-15,-9,-7,-16,30246,32863,63109,37,3,0,40,61120,4582,2003,67705,7583,93,7676,6725992,143219,6869211,"février","mercredi",2017
"970",2017-02-16,-11,-14,-25,30235,32849,63084,36,2,2,40,61156,4584,2005,67745,7515,107,7622,6733507,143326,6876833,"février","jeudi",2017
"971",2017-02-17,-3,3,0,30232,32852,63084,61,10,2,73,61217,4594,2007,67818,7240,141,7381,6740747,143467,6884214,"février","vendredi",2017
"972",2017-02-18,19,5,24,30251,32857,63108,104,10,2,116,61321,4604,2009,67934,5624,222,5846,6746371,143689,6890060,"février","samedi",2017
"973",2017-02-19,12,18,30,30263,32875,63138,150,2,4,156,61471,4606,2013,68090,5006,326,5332,6751377,144015,6895392,"février","dimanche",2017
"974",2017-02-20,5,5,10,30268,32880,63148,40,7,0,47,61511,4613,2013,68137,7069,105,7174,6758446,144120,6902566,"février","lundi",2017
"975",2017-02-21,-5,24,19,30263,32904,63167,55,7,1,63,61566,4620,2014,68200,7568,120,7688,6766014,144240,6910254,"février","mardi",2017
"976",2017-02-22,1,8,9,30264,32912,63176,37,11,1,49,61603,4631,2015,68249,8019,97,8116,6774033,144337,6918370,"février","mercredi",2017
"977",2017-02-23,9,0,9,30273,32912,63185,39,4,1,44,61642,4635,2016,68293,7093,99,7192,6781126,144436,6925562,"février","jeudi",2017
"978",2017-02-24,4,9,13,30277,32921,63198,42,19,3,64,61684,4654,2019,68357,8240,144,8384,6789366,144580,6933946,"février","vendredi",2017
"979",2017-02-25,21,36,57,30298,32957,63255,199,15,3,217,61883,4669,2022,68574,6264,397,6661,6795630,144977,6940607,"février","samedi",2017
"980",2017-02-26,16,25,41,30314,32982,63296,143,1,6,150,62026,4670,2028,68724,5421,328,5749,6801051,145305,6946356,"février","dimanche",2017
"981",2017-02-27,11,1,12,30325,32983,63308,66,7,3,76,62092,4677,2031,68800,7052,174,7226,6808103,145479,6953582,"février","lundi",2017
"982",2017-02-28,0,-4,-4,30325,32979,63304,35,2,5,42,62127,4679,2036,68842,7552,100,7652,6815655,145579,6961234,"février","mardi",2017
"983",2017-03-01,-3,14,11,30322,32993,63315,36,4,1,41,62163,4683,2037,68883,8361,81,8442,6824016,145660,6969676,"mars","mercredi",2017
"984",2017-03-02,8,20,28,30330,33013,63343,54,8,2,64,62217,4691,2039,68947,8320,114,8434,6832336,145774,6978110,"mars","jeudi",2017
"985",2017-03-03,-7,-13,-20,30323,33000,63323,19,1,0,20,62236,4692,2039,68967,5411,47,5458,6837747,145821,6983568,"mars","vendredi",2017
"986",2017-03-04,1,1,2,30324,33001,63325,79,7,0,86,62315,4699,2039,69053,5072,159,5231,6842819,145980,6988799,"mars","samedi",2017
"987",2017-03-05,9,14,23,30333,33015,63348,115,1,1,117,62430,4700,2040,69170,4633,164,4797,6847452,146144,6993596,"mars","dimanche",2017
"988",2017-03-06,4,17,21,30337,33032,63369,23,1,1,25,62453,4701,2041,69195,7913,48,7961,6855365,146192,7001557,"mars","lundi",2017
"989",2017-03-07,9,10,19,30346,33042,63388,35,4,2,41,62488,4705,2043,69236,8776,79,8855,6864141,146271,7010412,"mars","mardi",2017
"990",2017-03-08,-12,16,4,30334,33058,63392,47,5,2,54,62535,4710,2045,69290,9521,101,9622,6873662,146372,7020034,"mars","mercredi",2017
"991",2017-03-09,1,21,22,30335,33079,63414,46,6,5,57,62581,4716,2050,69347,9760,107,9867,6883422,146479,7029901,"mars","jeudi",2017
"992",2017-03-10,-133,-109,-242,30202,32970,63172,98,12,1,111,62679,4728,2051,69458,9826,206,10032,6893248,146685,7039933,"mars","vendredi",2017
"993",2017-03-11,34,35,69,30236,33005,63241,240,13,4,257,62919,4741,2055,69715,7473,437,7910,6900721,147122,7047843,"mars","samedi",2017
"994",2017-03-12,61,-47,14,30297,32958,63255,166,8,0,174,63085,4749,2055,69889,6152,376,6528,6906873,147498,7054371,"mars","dimanche",2017
"995",2017-03-13,19,-7,12,30316,32951,63267,27,3,1,31,63112,4752,2056,69920,7128,95,7223,6914001,147593,7061594,"mars","lundi",2017
"996",2017-03-14,-3,3,0,30313,32954,63267,29,10,2,41,63141,4762,2058,69961,8414,83,8497,6922415,147676,7070091,"mars","mardi",2017
"997",2017-03-15,-6,15,9,30307,32969,63276,38,4,2,44,63179,4766,2060,70005,9387,124,9511,6931802,147800,7079602,"mars","mercredi",2017
"998",2017-03-16,-3,15,12,30304,32984,63288,41,8,2,51,63220,4774,2062,70056,9654,128,9782,6941456,147928,7089384,"mars","jeudi",2017
"999",2017-03-17,11,16,27,30315,33000,63315,48,15,9,72,63268,4789,2071,70128,8362,147,8509,6949818,148075,7097893,"mars","vendredi",2017
"1000",2017-03-18,14,46,60,30329,33046,63375,196,19,3,218,63464,4808,2074,70346,5929,444,6373,6955747,148519,7104266,"mars","samedi",2017
"1001",2017-03-19,11,46,57,30340,33092,63432,219,8,3,230,63683,4816,2077,70576,5390,491,5881,6961137,149010,7110147,"mars","dimanche",2017
"1002",2017-03-20,35,55,90,30375,33147,63522,192,5,3,200,63875,4821,2080,70776,5861,419,6280,6966998,149429,7116427,"mars","lundi",2017
"1003",2017-03-21,-1,-13,-14,30374,33134,63508,39,7,2,48,63914,4828,2082,70824,8200,116,8316,6975198,149545,7124743,"mars","mardi",2017
"1004",2017-03-22,-3,-9,-12,30371,33125,63496,10,1,0,11,63924,4829,2082,70835,6181,30,6211,6981379,149575,7130954,"mars","mercredi",2017
"1005",2017-03-23,-5,2,-3,30366,33127,63493,11,1,1,13,63935,4830,2083,70848,5235,29,5264,6986614,149604,7136218,"mars","jeudi",2017
"1006",2017-03-24,-6,-22,-28,30360,33105,63465,30,4,0,34,63965,4834,2083,70882,5633,57,5690,6992247,149661,7141908,"mars","vendredi",2017
"1007",2017-03-25,11,-5,6,30371,33100,63471,76,8,0,84,64041,4842,2083,70966,4698,148,4846,6996945,149809,7146754,"mars","samedi",2017
"1008",2017-03-26,13,2,15,30384,33102,63486,77,9,0,86,64118,4851,2083,71052,4646,166,4812,7001591,149975,7151566,"mars","dimanche",2017
"1009",2017-03-27,-4,-1,-5,30380,33101,63481,24,0,3,27,64142,4851,2086,71079,6577,104,6681,7008168,150079,7158247,"mars","lundi",2017
"1010",2017-03-28,4,11,15,30384,33112,63496,41,4,1,46,64183,4855,2087,71125,8513,92,8605,7016681,150171,7166852,"mars","mardi",2017
"1011",2017-03-29,23,31,54,30407,33143,63550,54,5,1,60,64237,4860,2088,71185,9173,112,9285,7025854,150283,7176137,"mars","mercredi",2017
"1012",2017-03-30,21,21,42,30428,33164,63592,41,7,1,49,64278,4867,2089,71234,9459,136,9595,7035313,150419,7185732,"mars","jeudi",2017
"1013",2017-03-31,11,18,29,30439,33182,63621,64,5,4,73,64342,4872,2093,71307,9382,141,9523,7044695,150560,7195255,"mars","vendredi",2017
"1014",2017-04-01,3,20,23,30442,33202,63644,198,15,3,216,64540,4887,2096,71523,6999,379,7378,7051694,150939,7202633,"avril","samedi",2017
"1015",2017-04-02,30,41,71,30472,33243,63715,189,3,3,195,64729,4890,2099,71718,6737,336,7073,7058431,151275,7209706,"avril","dimanche",2017
"1016",2017-04-03,8,-29,-21,30480,33214,63694,65,5,0,70,64794,4895,2099,71788,8290,160,8450,7066721,151435,7218156,"avril","lundi",2017
"1017",2017-04-04,0,35,35,30480,33249,63729,50,3,2,55,64844,4898,2101,71843,9173,128,9301,7075894,151563,7227457,"avril","mardi",2017
"1018",2017-04-05,-15,16,1,30465,33265,63730,47,5,2,54,64891,4903,2103,71897,8953,112,9065,7084847,151675,7236522,"avril","mercredi",2017
"1019",2017-04-06,-27,-6,-33,30438,33259,63697,37,8,5,50,64928,4911,2108,71947,9001,110,9111,7093848,151785,7245633,"avril","jeudi",2017
"1020",2017-04-07,-1,6,5,30437,33265,63702,74,10,0,84,65002,4921,2108,72031,8972,154,9126,7102820,151939,7254759,"avril","vendredi",2017
"1021",2017-04-08,11,33,44,30448,33298,63746,177,15,7,199,65179,4936,2115,72230,6919,364,7283,7109739,152303,7262042,"avril","samedi",2017
"1022",2017-04-09,21,38,59,30469,33336,63805,223,4,4,231,65402,4940,2119,72461,6272,452,6724,7116011,152755,7268766,"avril","dimanche",2017
"1023",2017-04-10,2,-6,-4,30471,33330,63801,100,20,8,128,65502,4960,2127,72589,7576,277,7853,7123587,153032,7276619,"avril","lundi",2017
"1024",2017-04-11,3,38,41,30474,33368,63842,121,13,7,141,65623,4973,2134,72730,7694,289,7983,7131281,153321,7284602,"avril","mardi",2017
"1025",2017-04-12,-12,47,35,30462,33415,63877,107,15,3,125,65730,4988,2137,72855,6985,298,7283,7138266,153619,7291885,"avril","mercredi",2017
"1026",2017-04-13,9,-1,8,30471,33414,63885,163,13,8,184,65893,5001,2145,73039,4233,368,4601,7142499,153987,7296486,"avril","jeudi",2017
"1027",2017-04-14,-2,12,10,30469,33426,63895,172,25,6,203,66065,5026,2151,73242,4056,427,4483,7146555,154414,7300969,"avril","vendredi",2017
"1028",2017-04-15,11,-1,10,30480,33425,63905,203,30,5,238,66268,5056,2156,73480,4300,602,4902,7150855,155016,7305871,"avril","samedi",2017
"1029",2017-04-16,11,-2,9,30491,33423,63914,218,11,3,232,66486,5067,2159,73712,4757,564,5321,7155612,155580,7311192,"avril","dimanche",2017
"1030",2017-04-17,0,30,30,30491,33453,63944,128,11,8,147,66614,5078,2167,73859,8567,382,8949,7164179,155962,7320141,"avril","lundi",2017
"1031",2017-04-18,12,26,38,30503,33479,63982,68,6,7,81,66682,5084,2174,73940,9908,213,10121,7174087,156175,7330262,"avril","mardi",2017
"1032",2017-04-19,6,12,18,30509,33491,64000,51,6,4,61,66733,5090,2178,74001,9269,161,9430,7183356,156336,7339692,"avril","mercredi",2017
"1033",2017-04-20,-32,-26,-58,30477,33465,63942,57,4,2,63,66790,5094,2180,74064,8928,155,9083,7192284,156491,7348775,"avril","jeudi",2017
"1034",2017-04-21,1,19,20,30478,33484,63962,80,12,9,101,66870,5106,2189,74165,9973,206,10179,7202257,156697,7358954,"avril","vendredi",2017
"1035",2017-04-22,17,6,23,30495,33490,63985,150,26,6,182,67020,5132,2195,74347,7539,415,7954,7209796,157112,7366908,"avril","samedi",2017
"1036",2017-04-23,25,27,52,30520,33517,64037,194,6,4,204,67214,5138,2199,74551,8660,583,9243,7218456,157695,7376151,"avril","dimanche",2017
"1037",2017-04-24,11,9,20,30531,33526,64057,110,7,1,118,67324,5145,2200,74669,9476,274,9750,7227932,157969,7385901,"avril","lundi",2017
"1038",2017-04-25,-5,-17,-22,30526,33509,64035,39,4,4,47,67363,5149,2204,74716,9410,123,9533,7237342,158092,7395434,"avril","mardi",2017
"1039",2017-04-26,-11,-8,-19,30515,33501,64016,33,4,2,39,67396,5153,2206,74755,9664,91,9755,7247006,158183,7405189,"avril","mercredi",2017
"1040",2017-04-27,-18,-3,-21,30497,33498,63995,23,5,2,30,67419,5158,2208,74785,8761,61,8822,7255767,158244,7414011,"avril","jeudi",2017
"1041",2017-04-28,-11,18,7,30486,33516,64002,52,4,2,58,67471,5162,2210,74843,8217,124,8341,7263984,158368,7422352,"avril","vendredi",2017
"1042",2017-04-29,-5,-14,-19,30481,33502,63983,36,10,1,47,67507,5172,2211,74890,3229,115,3344,7267213,158483,7425696,"avril","samedi",2017
"1043",2017-04-30,-9,-5,-14,30472,33497,63969,63,1,1,65,67570,5173,2212,74955,3278,144,3422,7270491,158627,7429118,"avril","dimanche",2017
"1044",2017-05-01,6,40,46,30478,33537,64015,194,17,1,212,67764,5190,2213,75167,4831,393,5224,7275322,159020,7434342,"mai","lundi",2017
"1045",2017-05-02,-9,-4,-13,30469,33533,64002,126,10,5,141,67890,5200,2218,75308,6477,293,6770,7281799,159313,7441112,"mai","mardi",2017
"1046",2017-05-03,7,-7,0,30476,33526,64002,36,9,2,47,67926,5209,2220,75355,9878,132,10010,7291677,159445,7451122,"mai","mercredi",2017
"1047",2017-05-04,21,13,34,30497,33539,64036,31,1,3,35,67957,5210,2223,75390,10442,91,10533,7302119,159536,7461655,"mai","jeudi",2017
"1048",2017-05-05,-5,3,-2,30492,33542,64034,36,8,7,51,67993,5218,2230,75441,9076,103,9179,7311195,159639,7470834,"mai","vendredi",2017
"1049",2017-05-06,22,13,35,30514,33555,64069,170,23,3,196,68163,5241,2233,75637,7831,389,8220,7319026,160028,7479054,"mai","samedi",2017
"1050",2017-05-07,33,7,40,30547,33562,64109,180,12,3,195,68343,5253,2236,75832,8158,423,8581,7327184,160451,7487635,"mai","dimanche",2017
"1051",2017-05-08,1,23,24,30548,33585,64133,54,3,3,60,68397,5256,2239,75892,10266,185,10451,7337450,160636,7498086,"mai","lundi",2017
"1052",2017-05-09,-15,-5,-20,30533,33580,64113,54,5,5,64,68451,5261,2244,75956,10925,206,11131,7348375,160842,7509217,"mai","mardi",2017
"1053",2017-05-10,11,9,20,30544,33589,64133,29,4,1,34,68480,5265,2245,75990,10571,124,10695,7358946,160966,7519912,"mai","mercredi",2017
"1054",2017-05-11,-10,0,-10,30534,33589,64123,13,4,1,18,68493,5269,2246,76008,7074,54,7128,7366020,161020,7527040,"mai","jeudi",2017
"1055",2017-05-12,0,-8,-8,30534,33581,64115,25,4,4,33,68518,5273,2250,76041,7119,61,7180,7373139,161081,7534220,"mai","vendredi",2017
"1056",2017-05-13,15,16,31,30549,33597,64146,138,21,6,165,68656,5294,2256,76206,7036,323,7359,7380175,161404,7541579,"mai","samedi",2017
"1057",2017-05-14,14,33,47,30563,33630,64193,216,4,5,225,68872,5298,2261,76431,7447,509,7956,7387622,161913,7549535,"mai","dimanche",2017
"1058",2017-05-15,19,40,59,30582,33670,64252,181,11,7,199,69053,5309,2268,76630,7761,448,8209,7395383,162361,7557744,"mai","lundi",2017
"1059",2017-05-16,39,-18,21,30621,33652,64273,59,5,5,69,69112,5314,2273,76699,10710,181,10891,7406093,162542,7568635,"mai","mardi",2017
"1060",2017-05-17,25,-75,-50,30646,33577,64223,53,9,0,62,69165,5323,2273,76761,11183,141,11324,7417276,162683,7579959,"mai","mercredi",2017
"1061",2017-05-18,7,6,13,30653,33583,64236,42,12,2,56,69207,5335,2275,76817,10534,159,10693,7427810,162842,7590652,"mai","jeudi",2017
"1062",2017-05-19,9,23,32,30662,33606,64268,58,16,2,76,69265,5351,2277,76893,11251,210,11461,7439061,163052,7602113,"mai","vendredi",2017
"1063",2017-05-20,9,10,19,30671,33616,64287,154,16,1,171,69419,5367,2278,77064,9100,434,9534,7448161,163486,7611647,"mai","samedi",2017
"1064",2017-05-21,13,24,37,30684,33640,64324,142,10,4,156,69561,5377,2282,77220,7967,402,8369,7456128,163888,7620016,"mai","dimanche",2017
"1065",2017-05-22,5,19,24,30689,33659,64348,74,7,4,85,69635,5384,2286,77305,11221,210,11431,7467349,164098,7631447,"mai","lundi",2017
"1066",2017-05-23,43,39,82,30732,33698,64430,55,13,3,71,69690,5397,2289,77376,11643,228,11871,7478992,164326,7643318,"mai","mardi",2017
"1067",2017-05-24,58,14,72,30790,33712,64502,56,11,3,70,69746,5408,2292,77446,12265,210,12475,7491257,164536,7655793,"mai","mercredi",2017
"1068",2017-05-25,-34,-34,-68,30756,33678,64434,86,16,5,107,69832,5424,2297,77553,12466,281,12747,7503723,164817,7668540,"mai","jeudi",2017
"1069",2017-05-26,-6,14,8,30750,33692,64442,80,38,3,121,69912,5462,2300,77674,12293,300,12593,7516016,165117,7681133,"mai","vendredi",2017
"1070",2017-05-27,45,48,93,30795,33740,64535,162,38,1,201,70074,5500,2301,77875,10032,586,10618,7526048,165703,7691751,"mai","samedi",2017
"1071",2017-05-28,26,52,78,30821,33792,64613,211,8,5,224,70285,5508,2306,78099,8820,678,9498,7534868,166381,7701249,"mai","dimanche",2017
"1072",2017-05-29,35,46,81,30856,33838,64694,48,7,5,60,70333,5515,2311,78159,11405,235,11640,7546273,166616,7712889,"mai","lundi",2017
"1073",2017-05-30,-22,-13,-35,30834,33825,64659,53,5,5,63,70386,5520,2316,78222,12445,178,12623,7558718,166794,7725512,"mai","mardi",2017
"1074",2017-05-31,21,58,79,30855,33883,64738,63,8,3,74,70449,5528,2319,78296,12795,185,12980,7571513,166979,7738492,"mai","mercredi",2017
"1075",2017-06-01,-47,-83,-130,30808,33800,64608,50,8,0,58,70499,5536,2319,78354,13450,132,13582,7584963,167111,7752074,"juin","jeudi",2017
"1076",2017-06-02,5,19,24,30813,33819,64632,75,12,3,90,70574,5548,2322,78444,12453,198,12651,7597416,167309,7764725,"juin","vendredi",2017
"1077",2017-06-03,22,45,67,30835,33864,64699,171,9,5,185,70745,5557,2327,78629,9006,377,9383,7606422,167686,7774108,"juin","samedi",2017
"1078",2017-06-04,50,52,102,30885,33916,64801,137,12,4,153,70882,5569,2331,78782,9061,270,9331,7615483,167956,7783439,"juin","dimanche",2017
"1079",2017-06-05,20,40,60,30905,33956,64861,66,7,7,80,70948,5576,2338,78862,11299,182,11481,7626782,168138,7794920,"juin","lundi",2017
"1080",2017-06-06,-6,-7,-13,30899,33949,64848,59,9,4,72,71007,5585,2342,78934,12320,176,12496,7639102,168314,7807416,"juin","mardi",2017
"1081",2017-06-07,-21,-1,-22,30878,33948,64826,54,10,7,71,71061,5595,2349,79005,12873,190,13063,7651975,168504,7820479,"juin","mercredi",2017
"1082",2017-06-08,6,4,10,30884,33952,64836,54,8,5,67,71115,5603,2354,79072,13128,211,13339,7665103,168715,7833818,"juin","jeudi",2017
"1083",2017-06-09,6,3,9,30890,33955,64845,72,10,9,91,71187,5613,2363,79163,12915,232,13147,7678018,168947,7846965,"juin","vendredi",2017
"1084",2017-06-10,41,52,93,30931,34007,64938,154,28,3,185,71341,5641,2366,79348,9813,402,10215,7687831,169349,7857180,"juin","samedi",2017
"1085",2017-06-11,20,39,59,30951,34046,64997,130,0,6,136,71471,5641,2372,79484,9001,407,9408,7696832,169756,7866588,"juin","dimanche",2017
"1086",2017-06-12,40,-43,-3,30991,34003,64994,56,5,2,63,71527,5646,2374,79547,11676,226,11902,7708508,169982,7878490,"juin","lundi",2017
"1087",2017-06-13,-19,16,-3,30972,34019,64991,43,5,1,49,71570,5651,2375,79596,12425,160,12585,7720933,170142,7891075,"juin","mardi",2017
"1088",2017-06-14,-86,-66,-152,30886,33953,64839,41,8,5,54,71611,5659,2380,79650,13021,115,13136,7733954,170257,7904211,"juin","mercredi",2017
"1089",2017-06-15,-11,10,-1,30875,33963,64838,36,4,6,46,71647,5663,2386,79696,12870,126,12996,7746824,170383,7917207,"juin","jeudi",2017
"1090",2017-06-16,5,-22,-17,30880,33941,64821,75,4,4,83,71722,5667,2390,79779,12229,159,12388,7759053,170542,7929595,"juin","vendredi",2017
"1091",2017-06-17,25,31,56,30905,33972,64877,104,11,4,119,71826,5678,2394,79898,8785,285,9070,7767838,170827,7938665,"juin","samedi",2017
"1092",2017-06-18,28,31,59,30933,34003,64936,81,2,2,85,71907,5680,2396,79983,7718,205,7923,7775556,171032,7946588,"juin","dimanche",2017
"1093",2017-06-19,26,34,60,30959,34037,64996,43,6,3,52,71950,5686,2399,80035,12197,140,12337,7787753,171172,7958925,"juin","lundi",2017
"1094",2017-06-20,-14,-16,-30,30945,34021,64966,53,1,2,56,72003,5687,2401,80091,12409,129,12538,7800162,171301,7971463,"juin","mardi",2017
"1095",2017-06-21,-48,45,-3,30897,34066,64963,58,8,8,74,72061,5695,2409,80165,13700,180,13880,7813862,171481,7985343,"juin","mercredi",2017
"1096",2017-06-22,-41,-149,-190,30856,33917,64773,65,10,3,78,72126,5705,2412,80243,13718,192,13910,7827580,171673,7999253,"juin","jeudi",2017
"1097",2017-06-23,2,-2,0,30858,33915,64773,59,10,1,70,72185,5715,2413,80313,12616,178,12794,7840196,171851,8012047,"juin","vendredi",2017
"1098",2017-06-24,22,37,59,30880,33952,64832,142,12,4,158,72327,5727,2417,80471,8943,351,9294,7849139,172202,8021341,"juin","samedi",2017
"1099",2017-06-25,14,40,54,30894,33992,64886,121,1,2,124,72448,5728,2419,80595,7153,317,7470,7856292,172519,8028811,"juin","dimanche",2017
"1100",2017-06-26,6,25,31,30900,34017,64917,58,8,3,69,72506,5736,2422,80664,11538,162,11700,7867830,172681,8040511,"juin","lundi",2017
"1101",2017-06-27,-11,23,12,30889,34040,64929,73,12,4,89,72579,5748,2426,80753,12991,183,13174,7880821,172864,8053685,"juin","mardi",2017
"1102",2017-06-28,17,49,66,30906,34089,64995,58,9,4,71,72637,5757,2430,80824,13018,186,13204,7893839,173050,8066889,"juin","mercredi",2017
"1103",2017-06-29,-78,-25,-103,30828,34064,64892,42,10,5,57,72679,5767,2435,80881,12721,145,12866,7906560,173195,8079755,"juin","jeudi",2017
"1104",2017-06-30,-32,-59,-91,30796,34005,64801,82,9,4,95,72761,5776,2439,80976,11515,185,11700,7918075,173380,8091455,"juin","vendredi",2017
"1105",2017-07-01,33,40,73,30829,34045,64874,112,18,3,133,72873,5794,2442,81109,8144,266,8410,7926219,173646,8099865,"juillet","samedi",2017
"1106",2017-07-02,29,32,61,30858,34077,64935,126,6,6,138,72999,5800,2448,81247,7340,305,7645,7933559,173951,8107510,"juillet","dimanche",2017
"1107",2017-07-03,-9,26,17,30849,34103,64952,97,5,6,108,73096,5805,2454,81355,11905,256,12161,7945464,174207,8119671,"juillet","lundi",2017
"1108",2017-07-04,-5,48,43,30844,34151,64995,71,6,5,82,73167,5811,2459,81437,12701,214,12915,7958165,174421,8132586,"juillet","mardi",2017
"1109",2017-07-05,-39,-37,-76,30805,34114,64919,72,7,10,89,73239,5818,2469,81526,13090,265,13355,7971255,174686,8145941,"juillet","mercredi",2017
"1110",2017-07-06,22,15,37,30827,34129,64956,22,1,0,23,73261,5819,2469,81549,6135,69,6204,7977390,174755,8152145,"juillet","jeudi",2017
"1111",2017-07-07,-52,-99,-151,30775,34030,64805,29,11,2,42,73290,5830,2471,81591,7721,101,7822,7985111,174856,8159967,"juillet","vendredi",2017
"1112",2017-07-08,29,42,71,30804,34072,64876,131,16,0,147,73421,5846,2471,81738,7588,315,7903,7992699,175171,8167870,"juillet","samedi",2017
"1113",2017-07-09,30,46,76,30834,34118,64952,161,9,10,180,73582,5855,2481,81918,7862,468,8330,8000561,175639,8176200,"juillet","dimanche",2017
"1114",2017-07-10,-29,10,-19,30805,34128,64933,96,8,5,109,73678,5863,2486,82027,11684,289,11973,8012245,175928,8188173,"juillet","lundi",2017
"1115",2017-07-11,-63,15,-48,30742,34143,64885,45,5,7,57,73723,5868,2493,82084,12355,169,12524,8024600,176097,8200697,"juillet","mardi",2017
"1116",2017-07-12,-93,-65,-158,30649,34078,64727,52,9,6,67,73775,5877,2499,82151,12603,162,12765,8037203,176259,8213462,"juillet","mercredi",2017
"1117",2017-07-13,-15,-16,-31,30634,34062,64696,55,6,3,64,73830,5883,2502,82215,12358,188,12546,8049561,176447,8226008,"juillet","jeudi",2017
"1118",2017-07-14,0,33,33,30634,34095,64729,61,8,5,74,73891,5891,2507,82289,11208,186,11394,8060769,176633,8237402,"juillet","vendredi",2017
"1119",2017-07-15,-2,22,20,30632,34117,64749,90,10,1,101,73981,5901,2508,82390,7354,226,7580,8068123,176859,8244982,"juillet","samedi",2017
"1120",2017-07-16,-4,-15,-19,30628,34102,64730,125,5,4,134,74106,5906,2512,82524,7256,307,7563,8075379,177166,8252545,"juillet","dimanche",2017
"1121",2017-07-17,-23,-3,-26,30605,34099,64704,55,3,5,63,74161,5909,2517,82587,11127,193,11320,8086506,177359,8263865,"juillet","lundi",2017
"1122",2017-07-18,-4,-14,-18,30601,34085,64686,64,7,3,74,74225,5916,2520,82661,11844,167,12011,8098350,177526,8275876,"juillet","mardi",2017
"1123",2017-07-19,-142,27,-115,30459,34112,64571,69,4,7,80,74294,5920,2527,82741,12203,179,12382,8110553,177705,8288258,"juillet","mercredi",2017
"1124",2017-07-20,-121,-212,-333,30338,33900,64238,72,6,4,82,74366,5926,2531,82823,12439,177,12616,8122992,177882,8300874,"juillet","jeudi",2017
"1125",2017-07-21,-69,-33,-102,30269,33867,64136,64,10,4,78,74430,5936,2535,82901,11433,193,11626,8134425,178075,8312500,"juillet","vendredi",2017
"1126",2017-07-22,13,54,67,30282,33921,64203,155,6,3,164,74585,5942,2538,83065,7682,378,8060,8142107,178453,8320560,"juillet","samedi",2017
"1127",2017-07-23,27,42,69,30309,33963,64272,103,6,8,117,74688,5948,2546,83182,6796,285,7081,8148903,178738,8327641,"juillet","dimanche",2017
"1128",2017-07-24,-15,2,-13,30294,33965,64259,40,5,2,47,74728,5953,2548,83229,10956,136,11092,8159859,178874,8338733,"juillet","lundi",2017
"1129",2017-07-25,-26,-13,-39,30268,33952,64220,68,9,8,85,74796,5962,2556,83314,11613,204,11817,8171472,179078,8350550,"juillet","mardi",2017
"1130",2017-07-26,-11,48,37,30257,34000,64257,52,4,3,59,74848,5966,2559,83373,12065,137,12202,8183537,179215,8362752,"juillet","mercredi",2017
"1131",2017-07-27,-5,47,42,30252,34047,64299,67,13,10,90,74915,5979,2569,83463,12414,204,12618,8195951,179419,8375370,"juillet","jeudi",2017
"1132",2017-07-28,-92,-178,-270,30160,33869,64029,82,9,1,92,74997,5988,2570,83555,11344,219,11563,8207295,179638,8386933,"juillet","vendredi",2017
"1133",2017-07-29,21,24,45,30181,33893,64074,107,13,4,124,75104,6001,2574,83679,7169,281,7450,8214464,179919,8394383,"juillet","samedi",2017
"1134",2017-07-30,20,34,54,30201,33927,64128,112,3,10,125,75216,6004,2584,83804,6490,293,6783,8220954,180212,8401166,"juillet","dimanche",2017
"1135",2017-07-31,-17,-6,-23,30184,33921,64105,62,10,6,78,75278,6014,2590,83882,9759,258,10017,8230713,180470,8411183,"juillet","lundi",2017
"1136",2017-08-01,-19,-2,-21,30165,33919,64084,41,11,6,58,75319,6025,2596,83940,9935,177,10112,8240648,180647,8421295,"août","mardi",2017
"1137",2017-08-02,-65,-48,-113,30100,33871,63971,58,9,2,69,75377,6034,2598,84009,10519,190,10709,8251167,180837,8432004,"août","mercredi",2017
"1138",2017-08-03,-12,-18,-30,30088,33853,63941,63,6,5,74,75440,6040,2603,84083,10228,199,10427,8261395,181036,8442431,"août","jeudi",2017
"1139",2017-08-04,-36,-4,-40,30052,33849,63901,65,10,8,83,75505,6050,2611,84166,9207,210,9417,8270602,181246,8451848,"août","vendredi",2017
"1140",2017-08-05,3,25,28,30055,33874,63929,85,8,4,97,75590,6058,2615,84263,6235,223,6458,8276837,181469,8458306,"août","samedi",2017
"1141",2017-08-06,18,27,45,30073,33901,63974,113,10,4,127,75703,6068,2619,84390,5801,297,6098,8282638,181766,8464404,"août","dimanche",2017
"1142",2017-08-07,-22,16,-6,30051,33917,63968,66,12,3,81,75769,6080,2622,84471,8553,193,8746,8291191,181959,8473150,"août","lundi",2017
"1143",2017-08-08,-23,-11,-34,30028,33906,63934,84,10,2,96,75853,6090,2624,84567,8844,262,9106,8300035,182221,8482256,"août","mardi",2017
"1144",2017-08-09,26,37,63,30054,33943,63997,63,9,8,80,75916,6099,2632,84647,8764,216,8980,8308799,182437,8491236,"août","mercredi",2017
"1145",2017-08-10,-122,-122,-244,29932,33821,63753,60,19,5,84,75976,6118,2637,84731,8440,197,8637,8317239,182634,8499873,"août","jeudi",2017
"1146",2017-08-11,-26,-32,-58,29906,33789,63695,72,14,8,94,76048,6132,2645,84825,7573,272,7845,8324812,182906,8507718,"août","vendredi",2017
"1147",2017-08-12,16,23,39,29922,33812,63734,86,15,14,115,76134,6147,2659,84940,5341,333,5674,8330153,183239,8513392,"août","samedi",2017
"1148",2017-08-13,11,33,44,29933,33845,63778,141,7,3,151,76275,6154,2662,85091,4973,462,5435,8335126,183701,8518827,"août","dimanche",2017
"1149",2017-08-14,-28,-9,-37,29905,33836,63741,89,8,3,100,76364,6162,2665,85191,6536,316,6852,8341662,184017,8525679,"août","lundi",2017
"1150",2017-08-15,22,35,57,29927,33871,63798,118,7,2,127,76482,6169,2667,85318,5781,316,6097,8347443,184333,8531776,"août","mardi",2017
"1151",2017-08-16,-5,-27,-32,29922,33844,63766,77,12,2,91,76559,6181,2669,85409,8001,292,8293,8355444,184625,8540069,"août","mercredi",2017
"1152",2017-08-17,-41,-42,-83,29881,33802,63683,108,8,4,120,76667,6189,2673,85529,8472,277,8749,8363916,184902,8548818,"août","jeudi",2017
"1153",2017-08-18,-25,-54,-79,29856,33748,63604,67,7,4,78,76734,6196,2677,85607,7692,222,7914,8371608,185124,8556732,"août","vendredi",2017
"1154",2017-08-19,5,6,11,29861,33754,63615,102,14,6,122,76836,6210,2683,85729,5766,328,6094,8377374,185452,8562826,"août","samedi",2017
"1155",2017-08-20,23,33,56,29884,33787,63671,114,9,3,126,76950,6219,2686,85855,5657,337,5994,8383031,185789,8568820,"août","dimanche",2017
"1156",2017-08-21,-13,-14,-27,29871,33773,63644,73,1,5,79,77023,6220,2691,85934,8469,241,8710,8391500,186030,8577530,"août","lundi",2017
"1157",2017-08-22,-7,15,8,29864,33788,63652,57,4,9,70,77080,6224,2700,86004,9130,187,9317,8400630,186217,8586847,"août","mardi",2017
"1158",2017-08-23,-11,-18,-29,29853,33770,63623,78,7,4,89,77158,6231,2704,86093,9430,212,9642,8410060,186429,8596489,"août","mercredi",2017
"1159",2017-08-24,-67,-95,-162,29786,33675,63461,61,5,3,69,77219,6236,2707,86162,9699,219,9918,8419759,186648,8606407,"août","jeudi",2017
"1160",2017-08-25,-22,-35,-57,29764,33640,63404,76,23,4,103,77295,6259,2711,86265,9107,237,9344,8428866,186885,8615751,"août","vendredi",2017
"1161",2017-08-26,20,38,58,29784,33678,63462,133,16,2,151,77428,6275,2713,86416,6860,373,7233,8435726,187258,8622984,"août","samedi",2017
"1162",2017-08-27,6,40,46,29790,33718,63508,113,13,5,131,77541,6288,2718,86547,6348,349,6697,8442074,187607,8629681,"août","dimanche",2017
"1163",2017-08-28,-39,-10,-49,29751,33708,63459,18,1,1,20,77559,6289,2719,86567,5877,88,5965,8447951,187695,8635646,"août","lundi",2017
"1164",2017-08-29,-5,-5,-10,29746,33703,63449,93,8,4,105,77652,6297,2723,86672,10215,235,10450,8458166,187930,8646096,"août","mardi",2017
"1165",2017-08-30,-61,-25,-86,29685,33678,63363,52,9,5,66,77704,6306,2728,86738,11224,161,11385,8469390,188091,8657481,"août","mercredi",2017
"1166",2017-08-31,15,25,40,29700,33703,63403,64,2,5,71,77768,6308,2733,86809,12064,154,12218,8481454,188245,8669699,"août","jeudi",2017
"1167",2017-09-01,-17,2,-15,29683,33705,63388,48,10,1,59,77816,6318,2734,86868,12042,179,12221,8493496,188424,8681920,"septembre","vendredi",2017
"1168",2017-09-02,27,28,55,29710,33733,63443,184,14,6,204,78000,6332,2740,87072,8727,446,9173,8502223,188870,8691093,"septembre","samedi",2017
"1169",2017-09-03,25,48,73,29735,33781,63516,172,5,9,186,78172,6337,2749,87258,8863,449,9312,8511086,189319,8700405,"septembre","dimanche",2017
"1170",2017-09-04,-7,14,7,29728,33795,63523,91,20,9,120,78263,6357,2758,87378,12386,261,12647,8523472,189580,8713052,"septembre","lundi",2017
"1171",2017-09-05,19,29,48,29747,33824,63571,62,12,2,76,78325,6369,2760,87454,13437,212,13649,8536909,189792,8726701,"septembre","mardi",2017
"1172",2017-09-06,-76,-32,-108,29671,33792,63463,64,13,3,80,78389,6382,2763,87534,14052,232,14284,8550961,190024,8740985,"septembre","mercredi",2017
"1173",2017-09-07,10,15,25,29681,33807,63488,81,9,3,93,78470,6391,2766,87627,14092,257,14349,8565053,190281,8755334,"septembre","jeudi",2017
"1174",2017-09-08,-7,24,17,29674,33831,63505,86,17,9,112,78556,6408,2775,87739,13481,325,13806,8578534,190606,8769140,"septembre","vendredi",2017
"1175",2017-09-09,31,38,69,29705,33869,63574,142,7,1,150,78698,6415,2776,87889,9634,341,9975,8588168,190947,8779115,"septembre","samedi",2017
"1176",2017-09-10,36,67,103,29741,33936,63677,175,12,5,192,78873,6427,2781,88081,8958,427,9385,8597126,191374,8788500,"septembre","dimanche",2017
"1177",2017-09-11,0,-13,-13,29741,33923,63664,71,3,8,82,78944,6430,2789,88163,12666,213,12879,8609792,191587,8801379,"septembre","lundi",2017
"1178",2017-09-12,-10,-14,-24,29731,33909,63640,37,10,11,58,78981,6440,2800,88221,13674,166,13840,8623466,191753,8815219,"septembre","mardi",2017
"1179",2017-09-13,-117,-128,-245,29614,33781,63395,64,5,5,74,79045,6445,2805,88295,14269,224,14493,8637735,191977,8829712,"septembre","mercredi",2017
"1180",2017-09-14,-44,-12,-56,29570,33769,63339,69,10,4,83,79114,6455,2809,88378,14288,196,14484,8652023,192173,8844196,"septembre","jeudi",2017
"1181",2017-09-15,-14,-17,-31,29556,33752,63308,88,10,0,98,79202,6465,2809,88476,13109,200,13309,8665132,192373,8857505,"septembre","vendredi",2017
"1182",2017-09-16,47,38,85,29603,33790,63393,186,11,4,201,79388,6476,2813,88677,9434,386,9820,8674566,192759,8867325,"septembre","samedi",2017
"1183",2017-09-17,61,58,119,29664,33848,63512,197,4,3,204,79585,6480,2816,88881,9218,419,9637,8683784,193178,8876962,"septembre","dimanche",2017
"1184",2017-09-18,-9,3,-6,29655,33851,63506,52,7,5,64,79637,6487,2821,88945,12353,156,12509,8696137,193334,8889471,"septembre","lundi",2017
"1185",2017-09-19,-33,-9,-42,29622,33842,63464,55,10,6,71,79692,6497,2827,89016,13438,153,13591,8709575,193487,8903062,"septembre","mardi",2017
"1186",2017-09-20,-4,51,47,29618,33893,63511,56,9,5,70,79748,6506,2832,89086,14130,198,14328,8723705,193685,8917390,"septembre","mercredi",2017
"1187",2017-09-21,-152,-167,-319,29466,33726,63192,68,9,1,78,79816,6515,2833,89164,14023,170,14193,8737728,193855,8931583,"septembre","jeudi",2017
"1188",2017-09-22,-12,-3,-15,29454,33723,63177,126,14,6,146,79942,6529,2839,89310,13325,305,13630,8751053,194160,8945213,"septembre","vendredi",2017
"1189",2017-09-23,52,45,97,29506,33768,63274,188,21,4,213,80130,6550,2843,89523,10329,495,10824,8761382,194655,8956037,"septembre","samedi",2017
"1190",2017-09-24,41,42,83,29547,33810,63357,212,3,8,223,80342,6553,2851,89746,9904,499,10403,8771286,195154,8966440,"septembre","dimanche",2017
"1191",2017-09-25,4,18,22,29551,33828,63379,43,7,7,57,80385,6560,2858,89803,12789,181,12970,8784075,195335,8979410,"septembre","lundi",2017
"1192",2017-09-26,-27,12,-15,29524,33840,63364,60,17,5,82,80445,6577,2863,89885,13612,209,13821,8797687,195544,8993231,"septembre","mardi",2017
"1193",2017-09-27,-85,-63,-148,29439,33777,63216,49,7,2,58,80494,6584,2865,89943,13872,186,14058,8811559,195730,9007289,"septembre","mercredi",2017
"1194",2017-09-28,-32,9,-23,29407,33786,63193,65,7,6,78,80559,6591,2871,90021,14228,212,14440,8825787,195942,9021729,"septembre","jeudi",2017
"1195",2017-09-29,4,7,11,29411,33793,63204,84,13,2,99,80643,6604,2873,90120,14455,258,14713,8840242,196200,9036442,"septembre","vendredi",2017
"1196",2017-09-30,56,64,120,29467,33857,63324,198,25,7,230,80841,6629,2880,90350,11151,474,11625,8851393,196674,9048067,"septembre","samedi",2017
"1197",2017-10-01,49,76,125,29516,33933,63449,232,16,8,256,81073,6645,2888,90606,10292,590,10882,8861685,197264,9058949,"octobre","dimanche",2017
"1198",2017-10-02,16,64,80,29532,33997,63529,68,4,8,80,81141,6649,2896,90686,13104,204,13308,8874789,197468,9072257,"octobre","lundi",2017
"1199",2017-10-03,35,50,85,29567,34047,63614,83,8,4,95,81224,6657,2900,90781,14254,241,14495,8889043,197709,9086752,"octobre","mardi",2017
"1200",2017-10-04,5,80,85,29572,34127,63699,47,7,7,61,81271,6664,2907,90842,14474,156,14630,8903517,197865,9101382,"octobre","mercredi",2017
"1201",2017-10-05,-69,-98,-167,29503,34029,63532,75,16,10,101,81346,6680,2917,90943,15044,263,15307,8918561,198128,9116689,"octobre","jeudi",2017
"1202",2017-10-06,-35,40,5,29468,34069,63537,69,6,1,76,81415,6686,2918,91019,14563,239,14802,8933124,198367,9131491,"octobre","vendredi",2017
"1203",2017-10-07,39,69,108,29507,34138,63645,184,19,5,208,81599,6705,2923,91227,11344,416,11760,8944468,198783,9143251,"octobre","samedi",2017
"1204",2017-10-08,47,77,124,29554,34215,63769,206,13,4,223,81805,6718,2927,91450,10601,497,11098,8955069,199280,9154349,"octobre","dimanche",2017
"1205",2017-10-09,-8,1,-7,29546,34216,63762,80,5,5,90,81885,6723,2932,91540,13186,251,13437,8968255,199531,9167786,"octobre","lundi",2017
"1206",2017-10-10,-12,-2,-14,29534,34214,63748,36,13,4,53,81921,6736,2936,91593,13659,140,13799,8981914,199671,9181585,"octobre","mardi",2017
"1207",2017-10-11,-86,-54,-140,29448,34160,63608,52,8,5,65,81973,6744,2941,91658,14067,158,14225,8995981,199829,9195810,"octobre","mercredi",2017
"1208",2017-10-12,59,84,143,29507,34244,63751,158,22,6,186,82131,6766,2947,91844,10099,396,10495,9006080,200225,9206305,"octobre","jeudi",2017
"1209",2017-10-13,-34,25,-9,29473,34269,63742,105,23,9,137,82236,6789,2956,91981,11312,365,11677,9017392,200590,9217982,"octobre","vendredi",2017
"1210",2017-10-14,31,50,81,29504,34319,63823,230,20,7,257,82466,6809,2963,92238,9223,587,9810,9026615,201177,9227792,"octobre","samedi",2017
"1211",2017-10-15,53,82,135,29557,34401,63958,181,14,2,197,82647,6823,2965,92435,9250,481,9731,9035865,201658,9237523,"octobre","dimanche",2017
"1212",2017-10-16,-13,49,36,29544,34450,63994,50,4,7,61,82697,6827,2972,92496,12837,208,13045,9048702,201866,9250568,"octobre","lundi",2017
"1213",2017-10-17,-19,26,7,29525,34476,64001,41,4,5,50,82738,6831,2977,92546,11316,142,11458,9060018,202008,9262026,"octobre","mardi",2017
"1214",2017-10-18,-16,0,-16,29509,34476,63985,15,0,3,18,82753,6831,2980,92564,6339,38,6377,9066357,202046,9268403,"octobre","mercredi",2017
"1215",2017-10-19,-41,48,7,29468,34524,63992,33,9,4,46,82786,6840,2984,92610,12290,139,12429,9078647,202185,9280832,"octobre","jeudi",2017
"1216",2017-10-20,-41,-66,-107,29427,34458,63885,62,12,1,75,82848,6852,2985,92685,13326,149,13475,9091973,202334,9294307,"octobre","vendredi",2017
"1217",2017-10-21,13,26,39,29440,34484,63924,162,15,2,179,83010,6867,2987,92864,10759,363,11122,9102732,202697,9305429,"octobre","samedi",2017
"1218",2017-10-22,33,90,123,29473,34574,64047,197,6,4,207,83207,6873,2991,93071,10423,459,10882,9113155,203156,9316311,"octobre","dimanche",2017
"1219",2017-10-23,-1,25,24,29472,34599,64071,75,4,3,82,83282,6877,2994,93153,12131,221,12352,9125286,203377,9328663,"octobre","lundi",2017
"1220",2017-10-24,-37,-3,-40,29435,34596,64031,54,6,5,65,83336,6883,2999,93218,13290,149,13439,9138576,203526,9342102,"octobre","mardi",2017
"1221",2017-10-25,-6,-98,-104,29429,34498,63927,50,0,4,54,83386,6883,3003,93272,13835,136,13971,9152411,203662,9356073,"octobre","mercredi",2017
"1222",2017-10-26,-3,17,14,29426,34515,63941,59,10,6,75,83445,6893,3009,93347,14274,186,14460,9166685,203848,9370533,"octobre","jeudi",2017
"1223",2017-10-27,1,32,33,29427,34547,63974,87,17,6,110,83532,6910,3015,93457,14110,269,14379,9180795,204117,9384912,"octobre","vendredi",2017
"1224",2017-10-28,31,78,109,29458,34625,64083,204,25,6,235,83736,6935,3021,93692,10861,563,11424,9191656,204680,9396336,"octobre","samedi",2017
"1225",2017-10-29,37,80,117,29495,34705,64200,206,21,3,230,83942,6956,3024,93922,8972,517,9489,9200628,205197,9405825,"octobre","dimanche",2017
"1226",2017-10-30,-11,17,6,29484,34722,64206,87,8,5,100,84029,6964,3029,94022,12391,269,12660,9213019,205466,9418485,"octobre","lundi",2017
"1227",2017-10-31,11,27,38,29495,34749,64244,63,14,7,84,84092,6978,3036,94106,13423,233,13656,9226442,205699,9432141,"octobre","mardi",2017
"1228",2017-11-01,30,89,119,29525,34838,64363,190,8,8,206,84282,6986,3044,94312,10173,394,10567,9236615,206093,9442708,"novembre","mercredi",2017
"1229",2017-11-02,-21,-2,-23,29504,34836,64340,59,14,4,77,84341,7000,3048,94389,12647,205,12852,9249262,206298,9455560,"novembre","jeudi",2017
"1230",2017-11-03,-4,10,6,29500,34846,64346,103,22,9,134,84444,7022,3057,94523,12892,307,13199,9262154,206605,9468759,"novembre","vendredi",2017
"1231",2017-11-04,27,83,110,29527,34929,64456,119,9,0,128,84563,7031,3057,94651,8413,362,8775,9270567,206967,9477534,"novembre","samedi",2017
"1232",2017-11-05,33,88,121,29560,35017,64577,156,6,1,163,84719,7037,3058,94814,8461,395,8856,9279028,207362,9486390,"novembre","dimanche",2017
"1233",2017-11-06,-6,18,12,29554,35035,64589,24,2,1,27,84743,7039,3059,94841,10804,94,10898,9289832,207456,9497288,"novembre","lundi",2017
"1234",2017-11-07,-7,5,-2,29547,35040,64587,45,3,2,50,84788,7042,3061,94891,11833,96,11929,9301665,207552,9509217,"novembre","mardi",2017
"1235",2017-11-08,-7,-1,-8,29540,35039,64579,31,1,1,33,84819,7043,3062,94924,11621,59,11680,9313286,207611,9520897,"novembre","mercredi",2017
"1236",2017-11-09,18,49,67,29558,35088,64646,77,3,6,86,84896,7046,3068,95010,7292,138,7430,9320578,207749,9528327,"novembre","jeudi",2017
"1237",2017-11-10,-55,-30,-85,29503,35058,64561,50,8,5,63,84946,7054,3073,95073,10143,135,10278,9330721,207884,9538605,"novembre","vendredi",2017
"1238",2017-11-11,20,63,83,29523,35121,64644,173,9,3,185,85119,7063,3076,95258,8418,345,8763,9339139,208229,9547368,"novembre","samedi",2017
"1239",2017-11-12,21,37,58,29544,35158,64702,170,3,1,174,85289,7066,3077,95432,7851,412,8263,9346990,208641,9555631,"novembre","dimanche",2017
"1240",2017-11-13,-10,9,-1,29534,35167,64701,42,5,4,51,85331,7071,3081,95483,10354,120,10474,9357344,208761,9566105,"novembre","lundi",2017
"1241",2017-11-14,-35,-7,-42,29499,35160,64659,22,3,1,26,85353,7074,3082,95509,11097,65,11162,9368441,208826,9577267,"novembre","mardi",2017
"1242",2017-11-15,-8,6,-2,29491,35166,64657,24,1,2,27,85377,7075,3084,95536,11291,63,11354,9379732,208889,9588621,"novembre","mercredi",2017
"1243",2017-11-16,-46,-24,-70,29445,35142,64587,26,9,4,39,85403,7084,3088,95575,11854,81,11935,9391586,208970,9600556,"novembre","jeudi",2017
"1244",2017-11-17,8,9,17,29453,35151,64604,56,9,3,68,85459,7093,3091,95643,11847,176,12023,9403433,209146,9612579,"novembre","vendredi",2017
"1245",2017-11-18,9,50,59,29462,35201,64663,157,13,0,170,85616,7106,3091,95813,9591,325,9916,9413024,209471,9622495,"novembre","samedi",2017
"1246",2017-11-19,26,50,76,29488,35251,64739,177,7,5,189,85793,7113,3096,96002,8223,411,8634,9421247,209882,9631129,"novembre","dimanche",2017
"1247",2017-11-20,6,16,22,29494,35267,64761,40,2,0,42,85833,7115,3096,96044,10885,149,11034,9432132,210031,9642163,"novembre","lundi",2017
"1248",2017-11-21,-41,-16,-57,29453,35251,64704,29,7,2,38,85862,7122,3098,96082,11648,86,11734,9443780,210117,9653897,"novembre","mardi",2017
"1249",2017-11-22,-38,-17,-55,29415,35234,64649,44,2,1,47,85906,7124,3099,96129,11784,89,11873,9455564,210206,9665770,"novembre","mercredi",2017
"1250",2017-11-23,-12,8,-4,29403,35242,64645,24,4,7,35,85930,7128,3106,96164,12160,75,12235,9467724,210281,9678005,"novembre","jeudi",2017
"1251",2017-11-24,-3,16,13,29400,35258,64658,37,12,1,50,85967,7140,3107,96214,12325,120,12445,9480049,210401,9690450,"novembre","vendredi",2017
"1252",2017-11-25,19,48,67,29419,35306,64725,142,8,2,152,86109,7148,3109,96366,9162,313,9475,9489211,210714,9699925,"novembre","samedi",2017
"1253",2017-11-26,16,37,53,29435,35343,64778,118,2,1,121,86227,7150,3110,96487,7474,265,7739,9496685,210979,9707664,"novembre","dimanche",2017
"1254",2017-11-27,-12,6,-6,29423,35349,64772,25,1,1,27,86252,7151,3111,96514,9687,51,9738,9506372,211030,9717402,"novembre","lundi",2017
"1255",2017-11-28,-12,0,-12,29411,35349,64760,8,0,0,8,86260,7151,3111,96522,6813,23,6836,9513185,211053,9724238,"novembre","mardi",2017
"1256",2017-11-29,-28,-23,-51,29383,35326,64709,25,0,0,25,86285,7151,3111,96547,10585,36,10621,9523770,211089,9734859,"novembre","mercredi",2017
"1257",2017-11-30,1,13,14,29384,35339,64723,33,2,2,37,86318,7153,3113,96584,10236,77,10313,9534006,211166,9745172,"novembre","jeudi",2017
"1258",2017-12-01,-6,6,0,29378,35345,64723,15,4,1,20,86333,7157,3114,96604,9630,37,9667,9543636,211203,9754839,"décembre","vendredi",2017
"1259",2017-12-02,9,26,35,29387,35371,64758,67,9,4,80,86400,7166,3118,96684,6680,135,6815,9550316,211338,9761654,"décembre","samedi",2017
"1260",2017-12-03,10,25,35,29397,35396,64793,82,0,1,83,86482,7166,3119,96767,6061,170,6231,9556377,211508,9767885,"décembre","dimanche",2017
"1261",2017-12-04,-13,5,-8,29384,35401,64785,22,3,0,25,86504,7169,3119,96792,8734,50,8784,9565111,211558,9776669,"décembre","lundi",2017
"1262",2017-12-05,-4,14,10,29380,35415,64795,30,3,2,35,86534,7172,3121,96827,9279,57,9336,9574390,211615,9786005,"décembre","mardi",2017
"1263",2017-12-06,14,26,40,29394,35441,64835,65,4,4,73,86599,7176,3125,96900,5988,154,6142,9580378,211769,9792147,"décembre","mercredi",2017
"1264",2017-12-07,-22,-8,-30,29372,35433,64805,71,6,0,77,86670,7182,3125,96977,7060,182,7242,9587438,211951,9799389,"décembre","jeudi",2017
"1265",2017-12-08,4,21,25,29376,35454,64830,93,16,1,110,86763,7198,3126,97087,5116,205,5321,9592554,212156,9804710,"décembre","vendredi",2017
"1266",2017-12-09,15,25,40,29391,35479,64870,144,7,1,152,86907,7205,3127,97239,5857,287,6144,9598411,212443,9810854,"décembre","samedi",2017
"1267",2017-12-10,-3,20,17,29388,35499,64887,53,1,1,55,86960,7206,3128,97294,4537,185,4722,9602948,212628,9815576,"décembre","dimanche",2017
"1268",2017-12-11,-10,-18,-28,29378,35481,64859,8,0,1,9,86968,7206,3129,97303,7576,23,7599,9610524,212651,9823175,"décembre","lundi",2017
"1269",2017-12-12,1,6,7,29379,35487,64866,16,1,0,17,86984,7207,3129,97320,9280,35,9315,9619804,212686,9832490,"décembre","mardi",2017
"1270",2017-12-13,-6,6,0,29373,35493,64866,10,0,0,10,86994,7207,3129,97330,9420,19,9439,9629224,212705,9841929,"décembre","mercredi",2017
"1271",2017-12-14,-12,15,3,29361,35508,64869,22,2,1,25,87016,7209,3130,97355,9825,62,9887,9639049,212767,9851816,"décembre","jeudi",2017
"1272",2017-12-15,-22,-26,-48,29339,35482,64821,41,3,1,45,87057,7212,3131,97400,10289,82,10371,9649338,212849,9862187,"décembre","vendredi",2017
"1273",2017-12-16,8,26,34,29347,35508,64855,73,3,1,77,87130,7215,3132,97477,8165,131,8296,9657503,212980,9870483,"décembre","samedi",2017
"1274",2017-12-17,14,13,27,29361,35521,64882,72,0,0,72,87202,7215,3132,97549,6942,151,7093,9664445,213131,9877576,"décembre","dimanche",2017
"1275",2017-12-18,2,-2,0,29363,35519,64882,17,4,3,24,87219,7219,3135,97573,9140,50,9190,9673585,213181,9886766,"décembre","lundi",2017
"1276",2017-12-19,-23,-18,-41,29340,35501,64841,31,1,3,35,87250,7220,3138,97608,10232,55,10287,9683817,213236,9897053,"décembre","mardi",2017
"1277",2017-12-20,-38,-61,-99,29302,35440,64742,16,2,2,20,87266,7222,3140,97628,10391,33,10424,9694208,213269,9907477,"décembre","mercredi",2017
"1278",2017-12-21,-25,12,-13,29277,35452,64729,46,5,6,57,87312,7227,3146,97685,10372,94,10466,9704580,213363,9917943,"décembre","jeudi",2017
"1279",2017-12-22,-7,12,5,29270,35464,64734,53,10,5,68,87365,7237,3151,97753,9901,164,10065,9714481,213527,9928008,"décembre","vendredi",2017
"1280",2017-12-23,15,12,27,29285,35476,64761,57,4,6,67,87422,7241,3157,97820,6604,188,6792,9721085,213715,9934800,"décembre","samedi",2017
"1281",2017-12-24,4,10,14,29289,35486,64775,62,7,5,74,87484,7248,3162,97894,4198,181,4379,9725283,213896,9939179,"décembre","dimanche",2017
"1282",2017-12-25,-2,22,20,29287,35508,64795,18,4,1,23,87502,7252,3163,97917,2347,58,2405,9727630,213954,9941584,"décembre","lundi",2017
"1283",2017-12-26,-1,7,6,29286,35515,64801,20,2,1,23,87522,7254,3164,97940,5003,69,5072,9732633,214023,9946656,"décembre","mardi",2017
"1284",2017-12-27,-4,11,7,29282,35526,64808,56,6,7,69,87578,7260,3171,98009,6049,161,6210,9738682,214184,9952866,"décembre","mercredi",2017
"1285",2017-12-28,-11,-18,-29,29271,35508,64779,66,8,8,82,87644,7268,3179,98091,6951,195,7146,9745633,214379,9960012,"décembre","jeudi",2017
"1286",2017-12-29,6,8,14,29277,35516,64793,87,8,13,108,87731,7276,3192,98199,7423,249,7672,9753056,214628,9967684,"décembre","vendredi",2017
"1287",2017-12-30,2,38,40,29279,35554,64833,104,31,9,144,87835,7307,3201,98343,5891,323,6214,9758947,214951,9973898,"décembre","samedi",2017
"1288",2017-12-31,5,5,10,29284,35559,64843,82,4,4,90,87917,7311,3205,98433,3889,245,4134,9762836,215196,9978032,"décembre","dimanche",2017
"1289",2018-01-01,4,24,28,29288,35583,64871,122,17,2,141,88039,7328,3207,98574,3454,315,3769,9766290,215511,9981801,"janvier","lundi",2018
"1290",2018-01-02,6,26,32,29294,35609,64903,84,6,3,93,88123,7334,3210,98667,6414,235,6649,9772704,215746,9988450,"janvier","mardi",2018
"1291",2018-01-03,0,13,13,29294,35622,64916,83,5,4,92,88206,7339,3214,98759,7689,200,7889,9780393,215946,9996339,"janvier","mercredi",2018
"1292",2018-01-04,8,17,25,29302,35639,64941,69,7,3,79,88275,7346,3217,98838,8282,183,8465,9788675,216129,10004804,"janvier","jeudi",2018
"1293",2018-01-05,-28,-23,-51,29274,35616,64890,29,2,1,32,88304,7348,3218,98870,5872,75,5947,9794547,216204,10010751,"janvier","vendredi",2018
"1294",2018-01-06,-2,11,9,29272,35627,64899,4,0,0,4,88308,7348,3218,98874,1379,14,1393,9795926,216218,10012144,"janvier","samedi",2018
"1295",2018-01-07,2,13,15,29274,35640,64914,3,0,0,3,88311,7348,3218,98877,2414,7,2421,9798340,216225,10014565,"janvier","dimanche",2018
"1296",2018-01-08,-1,11,10,29273,35651,64924,27,1,0,28,88338,7349,3218,98905,7802,41,7843,9806142,216266,10022408,"janvier","lundi",2018
"1297",2018-01-09,-9,2,-7,29264,35653,64917,3,0,0,3,88341,7349,3218,98908,5915,9,5924,9812057,216275,10028332,"janvier","mardi",2018
"1298",2018-01-10,-13,8,-5,29251,35661,64912,8,1,0,9,88349,7350,3218,98917,7045,11,7056,9819102,216286,10035388,"janvier","mercredi",2018
"1299",2018-01-11,-32,-20,-52,29219,35641,64860,19,1,3,23,88368,7351,3221,98940,8765,39,8804,9827867,216325,10044192,"janvier","jeudi",2018
"1300",2018-01-12,-3,14,11,29216,35655,64871,18,4,0,22,88386,7355,3221,98962,9262,41,9303,9837129,216366,10053495,"janvier","vendredi",2018
"1301",2018-01-13,3,17,20,29219,35672,64891,20,1,0,21,88406,7356,3221,98983,4311,31,4342,9841440,216397,10057837,"janvier","samedi",2018
"1302",2018-01-14,13,23,36,29232,35695,64927,46,0,1,47,88452,7356,3222,99030,5375,82,5457,9846815,216479,10063294,"janvier","dimanche",2018
"1303",2018-01-15,-12,6,-6,29220,35701,64921,31,1,2,34,88483,7357,3224,99064,8130,49,8179,9854945,216528,10071473,"janvier","lundi",2018
"1304",2018-01-16,-2,4,2,29218,35705,64923,31,6,1,38,88514,7363,3225,99102,9315,61,9376,9864260,216589,10080849,"janvier","mardi",2018
"1305",2018-01-17,-36,-8,-44,29182,35697,64879,10,2,0,12,88524,7365,3225,99114,9698,42,9740,9873958,216631,10090589,"janvier","mercredi",2018
"1306",2018-01-18,-7,11,4,29175,35708,64883,45,1,2,48,88569,7366,3227,99162,10004,101,10105,9883962,216732,10100694,"janvier","jeudi",2018
"1307",2018-01-19,1,12,13,29176,35720,64896,39,9,1,49,88608,7375,3228,99211,10226,117,10343,9894188,216849,10111037,"janvier","vendredi",2018
"1308",2018-01-20,9,30,39,29185,35750,64935,123,5,1,129,88731,7380,3229,99340,7471,245,7716,9901659,217094,10118753,"janvier","samedi",2018
"1309",2018-01-21,16,63,79,29201,35813,65014,106,2,0,108,88837,7382,3229,99448,7460,242,7702,9909119,217336,10126455,"janvier","dimanche",2018
"1310",2018-01-22,-12,28,16,29189,35841,65030,25,3,6,34,88862,7385,3235,99482,9511,63,9574,9918630,217399,10136029,"janvier","lundi",2018
"1311",2018-01-23,0,-2,-2,29189,35839,65028,26,0,4,30,88888,7385,3239,99512,10212,88,10300,9928842,217487,10146329,"janvier","mardi",2018
"1312",2018-01-24,-9,25,16,29180,35864,65044,16,2,1,19,88904,7387,3240,99531,10689,46,10735,9939531,217533,10157064,"janvier","mercredi",2018
"1313",2018-01-25,-21,21,0,29159,35885,65044,10,0,0,10,88914,7387,3240,99541,6790,17,6807,9946321,217550,10163871,"janvier","jeudi",2018
"1314",2018-01-26,-2,-65,-67,29157,35820,64977,35,8,2,45,88949,7395,3242,99586,9192,67,9259,9955513,217617,10173130,"janvier","vendredi",2018
"1315",2018-01-27,9,35,44,29166,35855,65021,82,3,4,89,89031,7398,3246,99675,6681,175,6856,9962194,217792,10179986,"janvier","samedi",2018
"1316",2018-01-28,19,28,47,29185,35883,65068,97,4,0,101,89128,7402,3246,99776,6069,195,6264,9968263,217987,10186250,"janvier","dimanche",2018
"1317",2018-01-29,11,6,17,29196,35889,65085,26,2,2,30,89154,7404,3248,99806,9164,76,9240,9977427,218063,10195490,"janvier","lundi",2018
"1318",2018-01-30,4,22,26,29200,35911,65111,20,4,3,27,89174,7408,3251,99833,9785,65,9850,9987212,218128,10205340,"janvier","mardi",2018
"1319",2018-01-31,-26,1,-25,29174,35912,65086,33,2,3,38,89207,7410,3254,99871,10190,89,10279,9997402,218217,10215619,"janvier","mercredi",2018
"1320",2018-02-01,-5,-15,-20,29169,35897,65066,30,1,0,31,89237,7411,3254,99902,9070,62,9132,10006472,218279,10224751,"février","jeudi",2018
"1321",2018-02-02,-8,4,-4,29161,35901,65062,33,4,1,38,89270,7415,3255,99940,8789,47,8836,10015261,218326,10233587,"février","vendredi",2018
"1322",2018-02-03,17,24,41,29178,35925,65103,110,1,1,112,89380,7416,3256,100052,6586,177,6763,10021847,218503,10240350,"février","samedi",2018
"1323",2018-02-04,5,6,11,29183,35931,65114,7,0,0,7,89387,7416,3256,100059,2152,23,2175,10023999,218526,10242525,"février","dimanche",2018
"1324",2018-02-05,-23,-14,-37,29160,35917,65077,1,0,1,2,89388,7416,3257,100061,2895,7,2902,10026894,218533,10245427,"février","lundi",2018
"1325",2018-02-06,-8,8,0,29152,35925,65077,12,7,1,20,89400,7423,3258,100081,7745,40,7785,10034639,218573,10253212,"février","mardi",2018
"1326",2018-02-07,-21,-25,-46,29131,35900,65031,11,1,2,14,89411,7424,3260,100095,8023,30,8053,10042662,218603,10261265,"février","mercredi",2018
"1327",2018-02-08,-18,-13,-31,29113,35887,65000,18,6,1,25,89429,7430,3261,100120,8278,49,8327,10050940,218652,10269592,"février","jeudi",2018
"1328",2018-02-09,-18,6,-12,29095,35893,64988,24,9,0,33,89453,7439,3261,100153,8485,70,8555,10059425,218722,10278147,"février","vendredi",2018
"1329",2018-02-10,3,29,32,29098,35922,65020,71,15,2,88,89524,7454,3263,100241,6220,216,6436,10065645,218938,10284583,"février","samedi",2018
"1330",2018-02-11,9,46,55,29107,35968,65075,108,5,1,114,89632,7459,3264,100355,6115,217,6332,10071760,219155,10290915,"février","dimanche",2018
"1331",2018-02-12,-14,7,-7,29093,35975,65068,28,1,1,30,89660,7460,3265,100385,8168,83,8251,10079928,219238,10299166,"février","lundi",2018
"1332",2018-02-13,7,-1,6,29100,35974,65074,22,0,1,23,89682,7460,3266,100408,8476,62,8538,10088404,219300,10307704,"février","mardi",2018
"1333",2018-02-14,-25,-29,-54,29075,35945,65020,34,2,2,38,89716,7462,3268,100446,9320,70,9390,10097724,219370,10317094,"février","mercredi",2018
"1334",2018-02-15,-15,1,-14,29060,35946,65006,61,3,1,65,89777,7465,3269,100511,9205,123,9328,10106929,219493,10326422,"février","jeudi",2018
"1335",2018-02-16,2,24,26,29062,35970,65032,61,11,5,77,89838,7476,3274,100588,9515,162,9677,10116444,219655,10336099,"février","vendredi",2018
"1336",2018-02-17,16,46,62,29078,36016,65094,127,11,0,138,89965,7487,3274,100726,7232,284,7516,10123676,219939,10343615,"février","samedi",2018
"1337",2018-02-18,22,44,66,29100,36060,65160,134,9,2,145,90099,7496,3276,100871,6686,339,7025,10130362,220278,10350640,"février","dimanche",2018
"1338",2018-02-19,-10,3,-7,29090,36063,65153,27,0,0,27,90126,7496,3276,100898,9048,66,9114,10139410,220344,10359754,"février","lundi",2018
"1339",2018-02-20,0,3,3,29090,36066,65156,37,2,5,44,90163,7498,3281,100942,9924,79,10003,10149334,220423,10369757,"février","mardi",2018
"1340",2018-02-21,-14,3,-11,29076,36069,65145,45,5,0,50,90208,7503,3281,100992,9325,92,9417,10158659,220515,10379174,"février","mercredi",2018
"1341",2018-02-22,-4,0,-4,29072,36069,65141,14,3,4,21,90222,7506,3285,101013,9370,50,9420,10168029,220565,10388594,"février","jeudi",2018
"1342",2018-02-23,-9,19,10,29063,36088,65151,50,7,0,57,90272,7513,3285,101070,9452,115,9567,10177481,220680,10398161,"février","vendredi",2018
"1343",2018-02-24,16,36,52,29079,36124,65203,115,10,1,126,90387,7523,3286,101196,6940,273,7213,10184421,220953,10405374,"février","samedi",2018
"1344",2018-02-25,12,24,36,29091,36148,65239,149,5,1,155,90536,7528,3287,101351,6608,294,6902,10191029,221247,10412276,"février","dimanche",2018
"1345",2018-02-26,1,1,2,29092,36149,65241,42,1,2,45,90578,7529,3289,101396,9235,87,9322,10200264,221334,10421598,"février","lundi",2018
"1346",2018-02-27,-6,-3,-9,29086,36146,65232,8,0,0,8,90586,7529,3289,101404,4627,13,4640,10204891,221347,10426238,"février","mardi",2018
"1347",2018-02-28,-43,-30,-73,29043,36116,65159,9,1,1,11,90595,7530,3290,101415,3615,13,3628,10208506,221360,10429866,"février","mercredi",2018
"1348",2018-03-01,-19,-25,-44,29024,36091,65115,0,0,0,0,90595,7530,3290,101415,3254,5,3259,10211760,221365,10433125,"mars","jeudi",2018
"1349",2018-03-02,-11,-17,-28,29013,36074,65087,2,1,0,3,90597,7531,3290,101418,3615,8,3623,10215375,221373,10436748,"mars","vendredi",2018
"1350",2018-03-03,9,1,10,29022,36075,65097,53,12,0,65,90650,7543,3290,101483,4580,106,4686,10219955,221479,10441434,"mars","samedi",2018
"1351",2018-03-04,18,29,47,29040,36104,65144,57,3,0,60,90707,7546,3290,101543,5280,134,5414,10225235,221613,10446848,"mars","dimanche",2018
"1352",2018-03-05,1,1,2,29041,36105,65146,7,3,1,11,90714,7549,3291,101554,6159,42,6201,10231394,221655,10453049,"mars","lundi",2018
"1353",2018-03-06,-10,1,-9,29031,36106,65137,15,0,1,16,90729,7549,3292,101570,7641,47,7688,10239035,221702,10460737,"mars","mardi",2018
"1354",2018-03-07,-3,30,27,29028,36136,65164,43,1,1,45,90772,7550,3293,101615,9573,70,9643,10248608,221772,10470380,"mars","mercredi",2018
"1355",2018-03-08,-24,-44,-68,29004,36092,65096,22,6,3,31,90794,7556,3296,101646,9520,63,9583,10258128,221835,10479963,"mars","jeudi",2018
"1356",2018-03-09,-13,-7,-20,28991,36085,65076,5,2,1,8,90799,7558,3297,101654,4818,12,4830,10262946,221847,10484793,"mars","vendredi",2018
"1357",2018-03-10,0,1,1,28991,36086,65077,38,0,1,39,90837,7558,3298,101693,3858,76,3934,10266804,221923,10488727,"mars","samedi",2018
"1358",2018-03-11,4,17,21,28995,36103,65098,25,1,0,26,90862,7559,3298,101719,4509,60,4569,10271313,221983,10493296,"mars","dimanche",2018
"1359",2018-03-12,-21,7,-14,28974,36110,65084,38,4,1,43,90900,7563,3299,101762,8478,92,8570,10279791,222075,10501866,"mars","lundi",2018
"1360",2018-03-13,-31,13,-18,28943,36123,65066,25,2,6,33,90925,7565,3305,101795,9267,75,9342,10289058,222150,10511208,"mars","mardi",2018
"1361",2018-03-14,-41,-40,-81,28902,36083,64985,6,1,1,8,90931,7566,3306,101803,3219,27,3246,10292277,222177,10514454,"mars","mercredi",2018
"1362",2018-03-15,6,-4,2,28908,36079,64987,26,5,0,31,90957,7571,3306,101834,8998,77,9075,10301275,222254,10523529,"mars","jeudi",2018
"1363",2018-03-16,-12,-3,-15,28896,36076,64972,45,15,2,62,91002,7586,3308,101896,7844,139,7983,10309119,222393,10531512,"mars","vendredi",2018
"1364",2018-03-17,17,17,34,28913,36093,65006,53,2,1,56,91055,7588,3309,101952,5016,162,5178,10314135,222555,10536690,"mars","samedi",2018
"1365",2018-03-18,20,40,60,28933,36133,65066,108,4,0,112,91163,7592,3309,102064,6187,235,6422,10320322,222790,10543112,"mars","dimanche",2018
"1366",2018-03-19,-16,-26,-42,28917,36107,65024,9,0,1,10,91172,7592,3310,102074,5829,35,5864,10326151,222825,10548976,"mars","lundi",2018
"1367",2018-03-20,-18,-24,-42,28899,36083,64982,24,5,0,29,91196,7597,3310,102103,8030,48,8078,10334181,222873,10557054,"mars","mardi",2018
"1368",2018-03-21,-81,-41,-122,28818,36042,64860,21,0,1,22,91217,7597,3311,102125,8762,50,8812,10342943,222923,10565866,"mars","mercredi",2018
"1369",2018-03-22,1,-13,-12,28819,36029,64848,31,5,1,37,91248,7602,3312,102162,9451,79,9530,10352394,223002,10575396,"mars","jeudi",2018
"1370",2018-03-23,2,-18,-16,28821,36011,64832,12,6,1,19,91260,7608,3313,102181,7071,54,7125,10359465,223056,10582521,"mars","vendredi",2018
"1371",2018-03-24,0,26,26,28821,36037,64858,55,7,4,66,91315,7615,3317,102247,4894,131,5025,10364359,223187,10587546,"mars","samedi",2018
"1372",2018-03-25,2,30,32,28823,36067,64890,94,11,4,109,91409,7626,3321,102356,5075,204,5279,10369434,223391,10592825,"mars","dimanche",2018
"1373",2018-03-26,-1,-10,-11,28822,36057,64879,60,3,7,70,91469,7629,3328,102426,7357,181,7538,10376791,223572,10600363,"mars","lundi",2018
"1374",2018-03-27,-22,37,15,28800,36094,64894,65,11,3,79,91534,7640,3331,102505,7985,202,8187,10384776,223774,10608550,"mars","mardi",2018
"1375",2018-03-28,-39,-53,-92,28761,36041,64802,66,6,1,73,91600,7646,3332,102578,7263,214,7477,10392039,223988,10616027,"mars","mercredi",2018
"1376",2018-03-29,8,34,42,28769,36075,64844,95,5,1,101,91695,7651,3333,102679,4036,220,4256,10396075,224208,10620283,"mars","jeudi",2018
"1377",2018-03-30,12,20,32,28781,36095,64876,92,22,1,115,91787,7673,3334,102794,2976,268,3244,10399051,224476,10623527,"mars","vendredi",2018
"1378",2018-03-31,0,1,1,28781,36096,64877,107,14,2,123,91894,7687,3336,102917,3664,285,3949,10402715,224761,10627476,"mars","samedi",2018
"1379",2018-04-01,22,37,59,28803,36133,64936,181,8,4,193,92075,7695,3340,103110,4772,510,5282,10407487,225271,10632758,"avril","dimanche",2018
"1380",2018-04-02,-19,8,-11,28784,36141,64925,91,5,2,98,92166,7700,3342,103208,8853,301,9154,10416340,225572,10641912,"avril","lundi",2018
"1381",2018-04-03,5,5,10,28789,36146,64935,24,2,1,27,92190,7702,3343,103235,9293,98,9391,10425633,225670,10651303,"avril","mardi",2018
"1382",2018-04-04,-5,19,14,28784,36165,64949,32,8,1,41,92222,7710,3344,103276,9794,96,9890,10435427,225766,10661193,"avril","mercredi",2018
"1383",2018-04-05,-7,35,28,28777,36200,64977,58,6,2,66,92280,7716,3346,103342,10976,138,11114,10446403,225904,10672307,"avril","jeudi",2018
"1384",2018-04-06,-24,-35,-59,28753,36165,64918,53,14,3,70,92333,7730,3349,103412,8253,156,8409,10454656,226060,10680716,"avril","vendredi",2018
"1385",2018-04-07,3,25,28,28756,36190,64946,43,4,1,48,92376,7734,3350,103460,5237,81,5318,10459893,226141,10686034,"avril","samedi",2018
"1386",2018-04-08,13,31,44,28769,36221,64990,126,1,8,135,92502,7735,3358,103595,7248,294,7542,10467141,226435,10693576,"avril","dimanche",2018
"1387",2018-04-09,-23,3,-20,28746,36224,64970,8,1,3,12,92510,7736,3361,103607,6908,28,6936,10474049,226463,10700512,"avril","lundi",2018
"1388",2018-04-10,-15,-33,-48,28731,36191,64922,1,0,0,1,92511,7736,3361,103608,3063,6,3069,10477112,226469,10703581,"avril","mardi",2018
"1389",2018-04-11,-97,-118,-215,28634,36073,64707,32,3,3,38,92543,7739,3364,103646,8612,67,8679,10485724,226536,10712260,"avril","mercredi",2018
"1390",2018-04-12,-6,-23,-29,28628,36050,64678,20,3,0,23,92563,7742,3364,103669,7075,53,7128,10492799,226589,10719388,"avril","jeudi",2018
"1391",2018-04-13,-13,-2,-15,28615,36048,64663,31,13,1,45,92594,7755,3365,103714,8595,80,8675,10501394,226669,10728063,"avril","vendredi",2018
"1392",2018-04-14,26,35,61,28641,36083,64724,151,13,3,167,92745,7768,3368,103881,7668,330,7998,10509062,226999,10736061,"avril","samedi",2018
"1393",2018-04-15,17,53,70,28658,36136,64794,126,8,3,137,92871,7776,3371,104018,7296,300,7596,10516358,227299,10743657,"avril","dimanche",2018
"1394",2018-04-16,-8,1,-7,28650,36137,64787,49,4,4,57,92920,7780,3375,104075,9844,116,9960,10526202,227415,10753617,"avril","lundi",2018
"1395",2018-04-17,16,22,38,28666,36159,64825,65,7,7,79,92985,7787,3382,104154,11401,168,11569,10537603,227583,10765186,"avril","mardi",2018
"1396",2018-04-18,-53,-54,-107,28613,36105,64718,76,2,2,80,93061,7789,3384,104234,12503,191,12694,10550106,227774,10777880,"avril","mercredi",2018
"1397",2018-04-19,11,23,34,28624,36128,64752,39,6,3,48,93100,7795,3387,104282,12561,139,12700,10562667,227913,10790580,"avril","jeudi",2018
"1398",2018-04-20,4,21,25,28628,36149,64777,97,7,0,104,93197,7802,3387,104386,12149,177,12326,10574816,228090,10802906,"avril","vendredi",2018
"1399",2018-04-21,28,63,91,28656,36212,64868,155,28,5,188,93352,7830,3392,104574,8705,419,9124,10583521,228509,10812030,"avril","samedi",2018
"1400",2018-04-22,15,78,93,28671,36290,64961,138,9,3,150,93490,7839,3395,104724,9094,336,9430,10592615,228845,10821460,"avril","dimanche",2018
"1401",2018-04-23,-2,11,9,28669,36301,64970,76,10,1,87,93566,7849,3396,104811,11376,221,11597,10603991,229066,10833057,"avril","lundi",2018
"1402",2018-04-24,-2,28,26,28667,36329,64996,73,6,4,83,93639,7855,3400,104894,12845,183,13028,10616836,229249,10846085,"avril","mardi",2018
"1403",2018-04-25,-27,-15,-42,28640,36314,64954,52,7,2,61,93691,7862,3402,104955,13592,160,13752,10630428,229409,10859837,"avril","mercredi",2018
"1404",2018-04-26,3,12,15,28643,36326,64969,55,10,0,65,93746,7872,3402,105020,13392,171,13563,10643820,229580,10873400,"avril","jeudi",2018
"1405",2018-04-27,-12,28,16,28631,36354,64985,100,21,7,128,93846,7893,3409,105148,12329,291,12620,10656149,229871,10886020,"avril","vendredi",2018
"1406",2018-04-28,15,45,60,28646,36399,65045,187,14,5,206,94033,7907,3414,105354,6987,453,7440,10663136,230324,10893460,"avril","samedi",2018
"1407",2018-04-29,14,14,28,28660,36413,65073,41,5,0,46,94074,7912,3414,105400,3707,150,3857,10666843,230474,10897317,"avril","dimanche",2018
"1408",2018-04-30,-21,-2,-23,28639,36411,65050,79,5,0,84,94153,7917,3414,105484,5555,199,5754,10672398,230673,10903071,"avril","lundi",2018
"1409",2018-05-01,11,67,78,28650,36478,65128,194,6,5,205,94347,7923,3419,105689,5669,418,6087,10678067,231091,10909158,"mai","mardi",2018
"1410",2018-05-02,23,57,80,28673,36535,65208,101,5,3,109,94448,7928,3422,105798,6903,236,7139,10684970,231327,10916297,"mai","mercredi",2018
"1411",2018-05-03,-4,13,9,28669,36548,65217,53,10,6,69,94501,7938,3428,105867,10814,211,11025,10695784,231538,10927322,"mai","jeudi",2018
"1412",2018-05-04,14,58,72,28683,36606,65289,70,33,2,105,94571,7971,3430,105972,11629,223,11852,10707413,231761,10939174,"mai","vendredi",2018
"1413",2018-05-05,-35,7,-28,28648,36613,65261,185,26,4,215,94756,7997,3434,106187,9114,463,9577,10716527,232224,10948751,"mai","samedi",2018
"1414",2018-05-06,27,90,117,28675,36703,65378,190,10,3,203,94946,8007,3437,106390,8495,478,8973,10725022,232702,10957724,"mai","dimanche",2018
"1415",2018-05-07,-9,8,-1,28666,36711,65377,56,11,12,79,95002,8018,3449,106469,10334,234,10568,10735356,232936,10968292,"mai","lundi",2018
"1416",2018-05-08,4,37,41,28670,36748,65418,72,6,9,87,95074,8024,3458,106556,11623,268,11891,10746979,233204,10980183,"mai","mardi",2018
"1417",2018-05-09,8,28,36,28678,36776,65454,79,13,3,95,95153,8037,3461,106651,13000,234,13234,10759979,233438,10993417,"mai","mercredi",2018
"1418",2018-05-10,10,59,69,28688,36835,65523,100,10,1,111,95253,8047,3462,106762,13411,335,13746,10773390,233773,11007163,"mai","jeudi",2018
"1419",2018-05-11,-18,4,-14,28670,36839,65509,115,28,1,144,95368,8075,3463,106906,12759,350,13109,10786149,234123,11020272,"mai","vendredi",2018
"1420",2018-05-12,15,69,84,28685,36908,65593,155,17,6,178,95523,8092,3469,107084,8385,438,8823,10794534,234561,11029095,"mai","samedi",2018
"1421",2018-05-13,19,83,102,28704,36991,65695,175,10,5,190,95698,8102,3474,107274,7476,469,7945,10802010,235030,11037040,"mai","dimanche",2018
"1422",2018-05-14,-55,-50,-105,28649,36941,65590,70,4,3,77,95768,8106,3477,107351,10559,204,10763,10812569,235234,11047803,"mai","lundi",2018
"1423",2018-05-15,22,83,105,28671,37024,65695,140,12,3,155,95908,8118,3480,107506,9242,298,9540,10821811,235532,11057343,"mai","mardi",2018
"1424",2018-05-16,-24,25,1,28647,37049,65696,58,11,2,71,95966,8129,3482,107577,12792,194,12986,10834603,235726,11070329,"mai","mercredi",2018
"1425",2018-05-17,-75,19,-56,28572,37068,65640,76,14,10,100,96042,8143,3492,107677,13369,196,13565,10847972,235922,11083894,"mai","jeudi",2018
"1426",2018-05-18,-6,16,10,28566,37084,65650,59,7,1,67,96101,8150,3493,107744,11814,190,12004,10859786,236112,11095898,"mai","vendredi",2018
"1427",2018-05-19,28,52,80,28594,37136,65730,215,27,5,247,96316,8177,3498,107991,9498,491,9989,10869284,236603,11105887,"mai","samedi",2018
"1428",2018-05-20,22,70,92,28616,37206,65822,177,15,3,195,96493,8192,3501,108186,8873,508,9381,10878157,237111,11115268,"mai","dimanche",2018
"1429",2018-05-21,-20,29,9,28596,37235,65831,82,8,8,98,96575,8200,3509,108284,11605,292,11897,10889762,237403,11127165,"mai","lundi",2018
"1430",2018-05-22,-3,-4,-7,28593,37231,65824,49,5,8,62,96624,8205,3517,108346,12127,163,12290,10901889,237566,11139455,"mai","mardi",2018
"1431",2018-05-23,-1,6,5,28592,37237,65829,34,12,1,47,96658,8217,3518,108393,12692,136,12828,10914581,237702,11152283,"mai","mercredi",2018
"1432",2018-05-24,-44,-29,-73,28548,37208,65756,48,12,2,62,96706,8229,3520,108455,13149,184,13333,10927730,237886,11165616,"mai","jeudi",2018
"1433",2018-05-25,-53,-35,-88,28495,37173,65668,36,8,3,47,96742,8237,3523,108502,7978,94,8072,10935708,237980,11173688,"mai","vendredi",2018
"1434",2018-05-26,27,47,74,28522,37220,65742,178,14,2,194,96920,8251,3525,108696,9442,417,9859,10945150,238397,11183547,"mai","samedi",2018
"1435",2018-05-27,0,74,74,28522,37294,65816,175,6,4,185,97095,8257,3529,108881,9893,390,10283,10955043,238787,11193830,"mai","dimanche",2018
"1436",2018-05-28,-26,-1,-27,28496,37293,65789,37,3,4,44,97132,8260,3533,108925,6334,96,6430,10961377,238883,11200260,"mai","lundi",2018
"1437",2018-05-29,-11,1,-10,28485,37294,65779,33,2,1,36,97165,8262,3534,108961,9451,96,9547,10970828,238979,11209807,"mai","mardi",2018
"1438",2018-05-30,-62,-77,-139,28423,37217,65640,46,6,2,54,97211,8268,3536,109015,11388,123,11511,10982216,239102,11221318,"mai","mercredi",2018
"1439",2018-05-31,-14,-10,-24,28409,37207,65616,62,12,5,79,97273,8280,3541,109094,13144,174,13318,10995360,239276,11234636,"mai","jeudi",2018
"1440",2018-06-01,-14,22,8,28395,37229,65624,81,24,2,107,97354,8304,3543,109201,13170,213,13383,11008530,239489,11248019,"juin","vendredi",2018
"1441",2018-06-02,13,55,68,28408,37284,65692,155,21,5,181,97509,8325,3548,109382,7235,401,7636,11015765,239890,11255655,"juin","samedi",2018
"1442",2018-06-03,15,66,81,28423,37350,65773,168,8,2,178,97677,8333,3550,109560,9155,392,9547,11024920,240282,11265202,"juin","dimanche",2018
"1443",2018-06-04,-9,15,6,28414,37365,65779,68,5,10,83,97745,8338,3560,109643,12073,201,12274,11036993,240483,11277476,"juin","lundi",2018
"1444",2018-06-05,-31,14,-17,28383,37379,65762,44,1,5,50,97789,8339,3565,109693,12522,110,12632,11049515,240593,11290108,"juin","mardi",2018
"1445",2018-06-06,-58,-49,-107,28325,37330,65655,24,5,2,31,97813,8344,3567,109724,11128,71,11199,11060643,240664,11301307,"juin","mercredi",2018
"1446",2018-06-07,5,-13,-8,28330,37317,65647,51,28,5,84,97864,8372,3572,109808,13616,202,13818,11074259,240866,11315125,"juin","jeudi",2018
"1447",2018-06-08,-12,-17,-29,28318,37300,65618,17,6,2,25,97881,8378,3574,109833,7925,86,8011,11082184,240952,11323136,"juin","vendredi",2018
"1448",2018-06-09,-14,98,84,28304,37398,65702,161,14,6,181,98042,8392,3580,110014,8789,394,9183,11090973,241346,11332319,"juin","samedi",2018
"1449",2018-06-10,9,48,57,28313,37446,65759,118,18,8,144,98160,8410,3588,110158,7918,330,8248,11098891,241676,11340567,"juin","dimanche",2018
"1450",2018-06-11,-13,4,-9,28300,37450,65750,64,11,4,79,98224,8421,3592,110237,11569,175,11744,11110460,241851,11352311,"juin","lundi",2018
"1451",2018-06-12,-5,13,8,28295,37463,65758,56,7,4,67,98280,8428,3596,110304,12879,162,13041,11123339,242013,11365352,"juin","mardi",2018
"1452",2018-06-13,-83,-58,-141,28212,37405,65617,65,6,10,81,98345,8434,3606,110385,13546,188,13734,11136885,242201,11379086,"juin","mercredi",2018
"1453",2018-06-14,-5,3,-2,28207,37408,65615,48,5,6,59,98393,8439,3612,110444,13361,172,13533,11150246,242373,11392619,"juin","jeudi",2018
"1454",2018-06-15,-13,5,-8,28194,37413,65607,80,11,3,94,98473,8450,3615,110538,13162,204,13366,11163408,242577,11405985,"juin","vendredi",2018
"1455",2018-06-16,25,43,68,28219,37456,65675,146,12,1,159,98619,8462,3616,110697,9464,331,9795,11172872,242908,11415780,"juin","samedi",2018
"1456",2018-06-17,29,75,104,28248,37531,65779,143,14,4,161,98762,8476,3620,110858,8600,367,8967,11181472,243275,11424747,"juin","dimanche",2018
"1457",2018-06-18,-11,-7,-18,28237,37524,65761,53,15,2,70,98815,8491,3622,110928,12577,192,12769,11194049,243467,11437516,"juin","lundi",2018
"1458",2018-06-19,-26,31,5,28211,37555,65766,26,9,5,40,98841,8500,3627,110968,13814,145,13959,11207863,243612,11451475,"juin","mardi",2018
"1459",2018-06-20,-65,-40,-105,28146,37515,65661,50,6,3,59,98891,8506,3630,111027,14345,164,14509,11222208,243776,11465984,"juin","mercredi",2018
"1460",2018-06-21,-15,4,-11,28131,37519,65650,58,6,9,73,98949,8512,3639,111100,14468,173,14641,11236676,243949,11480625,"juin","jeudi",2018
"1461",2018-06-22,-10,-8,-18,28121,37511,65632,74,12,9,95,99023,8524,3648,111195,13590,227,13817,11250266,244176,11494442,"juin","vendredi",2018
"1462",2018-06-23,19,32,51,28140,37543,65683,132,23,8,163,99155,8547,3656,111358,9211,429,9640,11259477,244605,11504082,"juin","samedi",2018
"1463",2018-06-24,12,67,79,28152,37610,65762,131,13,2,146,99286,8560,3658,111504,8522,323,8845,11267999,244928,11512927,"juin","dimanche",2018
"1464",2018-06-25,-1,-7,-8,28151,37603,65754,65,8,5,78,99351,8568,3663,111582,13282,216,13498,11281281,245144,11526425,"juin","lundi",2018
"1465",2018-06-26,-3,12,9,28148,37615,65763,58,11,7,76,99409,8579,3670,111658,13806,173,13979,11295087,245317,11540404,"juin","mardi",2018
"1466",2018-06-27,-60,-36,-96,28088,37579,65667,53,10,6,69,99462,8589,3676,111727,14537,204,14741,11309624,245521,11555145,"juin","mercredi",2018
"1467",2018-06-28,-7,14,7,28081,37593,65674,58,12,2,72,99520,8601,3678,111799,14560,206,14766,11324184,245727,11569911,"juin","jeudi",2018
"1468",2018-06-29,-11,13,2,28070,37606,65676,92,12,1,105,99612,8613,3679,111904,13491,257,13748,11337675,245984,11583659,"juin","vendredi",2018
"1469",2018-06-30,22,61,83,28092,37667,65759,124,10,2,136,99736,8623,3681,112040,9171,298,9469,11346846,246282,11593128,"juin","samedi",2018
"1470",2018-07-01,19,43,62,28111,37710,65821,108,10,4,122,99844,8633,3685,112162,8537,297,8834,11355383,246579,11601962,"juillet","dimanche",2018
"1471",2018-07-02,-14,31,17,28097,37741,65838,54,6,6,66,99898,8639,3691,112228,12801,150,12951,11368184,246729,11614913,"juillet","lundi",2018
"1472",2018-07-03,-26,38,12,28071,37779,65850,65,2,8,75,99963,8641,3699,112303,13934,141,14075,11382118,246870,11628988,"juillet","mardi",2018
"1473",2018-07-04,-46,-52,-98,28025,37727,65752,61,14,6,81,100024,8655,3705,112384,13864,162,14026,11395982,247032,11643014,"juillet","mercredi",2018
"1474",2018-07-05,-1,22,21,28024,37749,65773,75,3,1,79,100099,8658,3706,112463,13755,154,13909,11409737,247186,11656923,"juillet","jeudi",2018
"1475",2018-07-06,-26,14,-12,27998,37763,65761,70,13,4,87,100169,8671,3710,112550,12452,189,12641,11422189,247375,11669564,"juillet","vendredi",2018
"1476",2018-07-07,24,43,67,28022,37806,65828,107,27,4,138,100276,8698,3714,112688,8316,303,8619,11430505,247678,11678183,"juillet","samedi",2018
"1477",2018-07-08,23,58,81,28045,37864,65909,152,8,3,163,100428,8706,3717,112851,7676,348,8024,11438181,248026,11686207,"juillet","dimanche",2018
"1478",2018-07-09,-5,0,-5,28040,37864,65904,83,3,7,93,100511,8709,3724,112944,12414,257,12671,11450595,248283,11698878,"juillet","lundi",2018
"1479",2018-07-10,-12,28,16,28028,37892,65920,58,9,3,70,100569,8718,3727,113014,13472,188,13660,11464067,248471,11712538,"juillet","mardi",2018
"1480",2018-07-11,-82,-78,-160,27946,37814,65760,74,6,1,81,100643,8724,3728,113095,13513,195,13708,11477580,248666,11726246,"juillet","mercredi",2018
"1481",2018-07-12,-9,-7,-16,27937,37807,65744,76,11,7,94,100719,8735,3735,113189,13578,193,13771,11491158,248859,11740017,"juillet","jeudi",2018
"1482",2018-07-13,-17,7,-10,27920,37814,65734,93,31,5,129,100812,8766,3740,113318,12270,265,12535,11503428,249124,11752552,"juillet","vendredi",2018
"1483",2018-07-14,16,34,50,27936,37848,65784,110,20,6,136,100922,8786,3746,113454,8015,364,8379,11511443,249488,11760931,"juillet","samedi",2018
"1484",2018-07-15,9,25,34,27945,37873,65818,130,11,4,145,101052,8797,3750,113599,7664,366,8030,11519107,249854,11768961,"juillet","dimanche",2018
"1485",2018-07-16,-11,13,2,27934,37886,65820,70,7,2,79,101122,8804,3752,113678,11787,176,11963,11530894,250030,11780924,"juillet","lundi",2018
"1486",2018-07-17,-16,28,12,27918,37914,65832,55,12,9,76,101177,8816,3761,113754,12966,214,13180,11543860,250244,11794104,"juillet","mardi",2018
"1487",2018-07-18,-68,-66,-134,27850,37848,65698,74,14,0,88,101251,8830,3761,113842,13516,224,13740,11557376,250468,11807844,"juillet","mercredi",2018
"1488",2018-07-19,-103,-73,-176,27747,37775,65522,72,8,6,86,101323,8838,3767,113928,13442,184,13626,11570818,250652,11821470,"juillet","jeudi",2018
"1489",2018-07-20,-18,-20,-38,27729,37755,65484,74,13,1,88,101397,8851,3768,114016,12069,192,12261,11582887,250844,11833731,"juillet","vendredi",2018
"1490",2018-07-21,18,27,45,27747,37782,65529,125,18,8,151,101522,8869,3776,114167,7807,338,8145,11590694,251182,11841876,"juillet","samedi",2018
"1491",2018-07-22,4,40,44,27751,37822,65573,174,10,7,191,101696,8879,3783,114358,7009,440,7449,11597703,251622,11849325,"juillet","dimanche",2018
"1492",2018-07-23,-40,0,-40,27711,37822,65533,77,15,4,96,101773,8894,3787,114454,11607,238,11845,11609310,251860,11861170,"juillet","lundi",2018
"1493",2018-07-24,-10,-7,-17,27701,37815,65516,74,14,6,94,101847,8908,3793,114548,12377,197,12574,11621687,252057,11873744,"juillet","mardi",2018
"1494",2018-07-25,-78,-57,-135,27623,37758,65381,43,8,2,53,101890,8916,3795,114601,12501,173,12674,11634188,252230,11886418,"juillet","mercredi",2018
"1495",2018-07-26,-29,2,-27,27594,37760,65354,45,12,3,60,101935,8928,3798,114661,12465,190,12655,11646653,252420,11899073,"juillet","jeudi",2018
"1496",2018-07-27,-19,3,-16,27575,37763,65338,77,9,8,94,102012,8937,3806,114755,11318,248,11566,11657971,252668,11910639,"juillet","vendredi",2018
"1497",2018-07-28,11,61,72,27586,37824,65410,131,17,6,154,102143,8954,3812,114909,7855,371,8226,11665826,253039,11918865,"juillet","samedi",2018
"1498",2018-07-29,25,76,101,27611,37900,65511,157,9,4,170,102300,8963,3816,115079,7627,379,8006,11673453,253418,11926871,"juillet","dimanche",2018
"1499",2018-07-30,-19,37,18,27592,37937,65529,90,1,0,91,102390,8964,3816,115170,11655,217,11872,11685108,253635,11938743,"juillet","lundi",2018
"1500",2018-07-31,-13,24,11,27579,37961,65540,84,15,7,106,102474,8979,3823,115276,12410,287,12697,11697518,253922,11951440,"juillet","mardi",2018
"1501",2018-08-01,24,65,89,27603,38026,65629,87,10,1,98,102561,8989,3824,115374,12219,272,12491,11709737,254194,11963931,"août","mercredi",2018
"1502",2018-08-02,-75,45,-30,27528,38071,65599,52,6,4,62,102613,8995,3828,115436,11526,202,11728,11721263,254396,11975659,"août","jeudi",2018
"1503",2018-08-03,-36,-126,-162,27492,37945,65437,41,10,3,54,102654,9005,3831,115490,10073,131,10204,11731336,254527,11985863,"août","vendredi",2018
"1504",2018-08-04,18,24,42,27510,37969,65479,104,17,1,122,102758,9022,3832,115612,6486,277,6763,11737822,254804,11992626,"août","samedi",2018
"1505",2018-08-05,22,55,77,27532,38024,65556,99,11,6,116,102857,9033,3838,115728,6272,322,6594,11744094,255126,11999220,"août","dimanche",2018
"1506",2018-08-06,-17,20,3,27515,38044,65559,50,1,5,56,102907,9034,3843,115784,9057,208,9265,11753151,255334,12008485,"août","lundi",2018
"1507",2018-08-07,-2,0,-2,27513,38044,65557,65,3,2,70,102972,9037,3845,115854,10022,133,10155,11763173,255467,12018640,"août","mardi",2018
"1508",2018-08-08,-66,-41,-107,27447,38003,65450,92,8,3,103,103064,9045,3848,115957,10016,242,10258,11773189,255709,12028898,"août","mercredi",2018
"1509",2018-08-09,0,5,5,27447,38008,65455,92,10,5,107,103156,9055,3853,116064,10077,245,10322,11783266,255954,12039220,"août","jeudi",2018
"1510",2018-08-10,-31,10,-21,27416,38018,65434,101,8,5,114,103257,9063,3858,116178,8756,252,9008,11792022,256206,12048228,"août","vendredi",2018
"1511",2018-08-11,9,51,60,27425,38069,65494,104,12,5,121,103361,9075,3863,116299,6099,380,6479,11798121,256586,12054707,"août","samedi",2018
"1512",2018-08-12,13,50,63,27438,38119,65557,130,7,7,144,103491,9082,3870,116443,5868,398,6266,11803989,256984,12060973,"août","dimanche",2018
"1513",2018-08-13,-28,-10,-38,27410,38109,65519,89,15,3,107,103580,9097,3873,116550,8280,281,8561,11812269,257265,12069534,"août","lundi",2018
"1514",2018-08-14,-23,33,10,27387,38142,65529,83,18,5,106,103663,9115,3878,116656,8894,268,9162,11821163,257533,12078696,"août","mardi",2018
"1515",2018-08-15,14,51,65,27401,38193,65594,117,2,6,125,103780,9117,3884,116781,6763,308,7071,11827926,257841,12085767,"août","mercredi",2018
"1516",2018-08-16,-52,-72,-124,27349,38121,65470,76,4,4,84,103856,9121,3888,116865,8753,230,8983,11836679,258071,12094750,"août","jeudi",2018
"1517",2018-08-17,-19,-7,-26,27330,38114,65444,70,19,2,91,103926,9140,3890,116956,7982,194,8176,11844661,258265,12102926,"août","vendredi",2018
"1518",2018-08-18,20,43,63,27350,38157,65507,114,10,2,126,104040,9150,3892,117082,5854,263,6117,11850515,258528,12109043,"août","samedi",2018
"1519",2018-08-19,14,39,53,27364,38196,65560,169,14,1,184,104209,9164,3893,117266,5885,430,6315,11856400,258958,12115358,"août","dimanche",2018
"1520",2018-08-20,7,31,38,27371,38227,65598,67,9,2,78,104276,9173,3895,117344,9293,237,9530,11865693,259195,12124888,"août","lundi",2018
"1521",2018-08-21,9,19,28,27380,38246,65626,91,7,3,101,104367,9180,3898,117445,9915,213,10128,11875608,259408,12135016,"août","mardi",2018
"1522",2018-08-22,2,59,61,27382,38305,65687,72,5,3,80,104439,9185,3901,117525,10570,151,10721,11886178,259559,12145737,"août","mercredi",2018
"1523",2018-08-23,-17,27,10,27365,38332,65697,60,8,5,73,104499,9193,3906,117598,10814,178,10992,11896992,259737,12156729,"août","jeudi",2018
"1524",2018-08-24,-41,-29,-70,27324,38303,65627,74,12,5,91,104573,9205,3911,117689,10008,231,10239,11907000,259968,12166968,"août","vendredi",2018
"1525",2018-08-25,10,66,76,27334,38369,65703,123,8,9,140,104696,9213,3920,117829,7163,351,7514,11914163,260319,12174482,"août","samedi",2018
"1526",2018-08-26,22,81,103,27356,38450,65806,145,9,6,160,104841,9222,3926,117989,6969,375,7344,11921132,260694,12181826,"août","dimanche",2018
"1527",2018-08-27,16,60,76,27372,38510,65882,65,11,3,79,104906,9233,3929,118068,11098,253,11351,11932230,260947,12193177,"août","lundi",2018
"1528",2018-08-28,-48,-53,-101,27324,38457,65781,77,13,2,92,104983,9246,3931,118160,12003,278,12281,11944233,261225,12205458,"août","mardi",2018
"1529",2018-08-29,-51,-17,-68,27273,38440,65713,63,4,2,69,105046,9250,3933,118229,12578,255,12833,11956811,261480,12218291,"août","mercredi",2018
"1530",2018-08-30,9,29,38,27282,38469,65751,76,14,4,94,105122,9264,3937,118323,12835,245,13080,11969646,261725,12231371,"août","jeudi",2018
"1531",2018-08-31,-9,27,18,27273,38496,65769,58,16,4,78,105180,9280,3941,118401,12490,164,12654,11982136,261889,12244025,"août","vendredi",2018
"1532",2018-09-01,26,94,120,27299,38590,65889,130,6,6,142,105310,9286,3947,118543,9428,286,9714,11991564,262175,12253739,"septembre","samedi",2018
"1533",2018-09-02,38,83,121,27337,38673,66010,131,11,3,145,105441,9297,3950,118688,8969,357,9326,12000533,262532,12263065,"septembre","dimanche",2018
"1534",2018-09-03,-13,65,52,27324,38738,66062,59,2,7,68,105500,9299,3957,118756,13417,181,13598,12013950,262713,12276663,"septembre","lundi",2018
"1535",2018-09-04,-4,100,96,27320,38838,66158,61,12,4,77,105561,9311,3961,118833,14742,183,14925,12028692,262896,12291588,"septembre","mardi",2018
"1536",2018-09-05,-61,7,-54,27259,38845,66104,56,13,3,72,105617,9324,3964,118905,14994,151,15145,12043686,263047,12306733,"septembre","mercredi",2018
"1537",2018-09-06,7,41,48,27266,38886,66152,47,7,5,59,105664,9331,3969,118964,15331,147,15478,12059017,263194,12322211,"septembre","jeudi",2018
"1538",2018-09-07,-25,22,-3,27241,38908,66149,75,11,1,87,105739,9342,3970,119051,13466,175,13641,12072483,263369,12335852,"septembre","vendredi",2018
"1539",2018-09-08,19,26,45,27260,38934,66194,71,12,6,89,105810,9354,3976,119140,8424,194,8618,12080907,263563,12344470,"septembre","samedi",2018
"1540",2018-09-09,30,91,121,27290,39025,66315,222,11,7,240,106032,9365,3983,119380,9783,520,10303,12090690,264083,12354773,"septembre","dimanche",2018
"1541",2018-09-10,1,43,44,27291,39068,66359,83,4,7,94,106115,9369,3990,119474,14447,218,14665,12105137,264301,12369438,"septembre","lundi",2018
"1542",2018-09-11,-23,68,45,27268,39136,66404,48,9,8,65,106163,9378,3998,119539,15521,160,15681,12120658,264461,12385119,"septembre","mardi",2018
"1543",2018-09-12,-92,-55,-147,27176,39081,66257,55,6,8,69,106218,9384,4006,119608,16127,149,16276,12136785,264610,12401395,"septembre","mercredi",2018
"1544",2018-09-13,-28,37,9,27148,39118,66266,55,12,1,68,106273,9396,4007,119676,16189,196,16385,12152974,264806,12417780,"septembre","jeudi",2018
"1545",2018-09-14,-17,35,18,27131,39153,66284,93,16,2,111,106366,9412,4009,119787,15738,257,15995,12168712,265063,12433775,"septembre","vendredi",2018
"1546",2018-09-15,16,103,119,27147,39256,66403,187,18,6,211,106553,9430,4015,119998,11122,403,11525,12179834,265466,12445300,"septembre","samedi",2018
"1547",2018-09-16,23,90,113,27170,39346,66516,173,8,3,184,106726,9438,4018,120182,10693,449,11142,12190527,265915,12456442,"septembre","dimanche",2018
"1548",2018-09-17,-29,20,-9,27141,39366,66507,57,3,14,74,106783,9441,4032,120256,14316,208,14524,12204843,266123,12470966,"septembre","lundi",2018
"1549",2018-09-18,-7,24,17,27134,39390,66524,24,7,1,32,106807,9448,4033,120288,15149,120,15269,12219992,266243,12486235,"septembre","mardi",2018
"1550",2018-09-19,-43,82,39,27091,39472,66563,34,9,6,49,106841,9457,4039,120337,16313,140,16453,12236305,266383,12502688,"septembre","mercredi",2018
"1551",2018-09-20,-66,-93,-159,27025,39379,66404,60,2,2,64,106901,9459,4041,120401,16529,203,16732,12252834,266586,12519420,"septembre","jeudi",2018
"1552",2018-09-21,-17,39,22,27008,39418,66426,86,15,3,104,106987,9474,4044,120505,15600,205,15805,12268434,266791,12535225,"septembre","vendredi",2018
"1553",2018-09-22,7,133,140,27015,39551,66566,175,17,3,195,107162,9491,4047,120700,11423,399,11822,12279857,267190,12547047,"septembre","samedi",2018
"1554",2018-09-23,20,115,135,27035,39666,66701,191,11,2,204,107353,9502,4049,120904,11100,441,11541,12290957,267631,12558588,"septembre","dimanche",2018
"1555",2018-09-24,-10,72,62,27025,39738,66763,66,6,7,79,107419,9508,4056,120983,14572,201,14773,12305529,267832,12573361,"septembre","lundi",2018
"1556",2018-09-25,-13,-36,-49,27012,39702,66714,43,6,1,50,107462,9514,4057,121033,15671,161,15832,12321200,267993,12589193,"septembre","mardi",2018
"1557",2018-09-26,-95,-36,-131,26917,39666,66583,54,2,8,64,107516,9516,4065,121097,15131,145,15276,12336331,268138,12604469,"septembre","mercredi",2018
"1558",2018-09-27,-2,41,39,26915,39707,66622,66,4,4,74,107582,9520,4069,121171,16024,167,16191,12352355,268305,12620660,"septembre","jeudi",2018
"1559",2018-09-28,-26,29,3,26889,39736,66625,74,17,8,99,107656,9537,4077,121270,15531,192,15723,12367886,268497,12636383,"septembre","vendredi",2018
"1560",2018-09-29,24,109,133,26913,39845,66758,167,18,3,188,107823,9555,4080,121458,11742,401,12143,12379628,268898,12648526,"septembre","samedi",2018
"1561",2018-09-30,26,140,166,26939,39985,66924,186,9,7,202,108009,9564,4087,121660,10948,415,11363,12390576,269313,12659889,"septembre","dimanche",2018
"1562",2018-10-01,-30,38,8,26909,40023,66932,82,11,7,100,108091,9575,4094,121760,14116,284,14400,12404692,269597,12674289,"octobre","lundi",2018
"1563",2018-10-02,-20,10,-10,26889,40033,66922,54,4,5,63,108145,9579,4099,121823,14888,135,15023,12419580,269732,12689312,"octobre","mardi",2018
"1564",2018-10-03,-101,-59,-160,26788,39974,66762,54,9,2,65,108199,9588,4101,121888,15777,143,15920,12435357,269875,12705232,"octobre","mercredi",2018
"1565",2018-10-04,-37,41,4,26751,40015,66766,53,15,2,70,108252,9603,4103,121958,15600,148,15748,12450957,270023,12720980,"octobre","jeudi",2018
"1566",2018-10-05,-24,6,-18,26727,40021,66748,59,13,0,72,108311,9616,4103,122030,15106,192,15298,12466063,270215,12736278,"octobre","vendredi",2018
"1567",2018-10-06,13,106,119,26740,40127,66867,156,9,9,174,108467,9625,4112,122204,11792,368,12160,12477855,270583,12748438,"octobre","samedi",2018
"1568",2018-10-07,23,86,109,26763,40213,66976,145,9,5,159,108612,9634,4117,122363,9864,348,10212,12487719,270931,12758650,"octobre","dimanche",2018
"1569",2018-10-08,-40,3,-37,26723,40216,66939,38,5,3,46,108650,9639,4120,122409,13326,119,13445,12501045,271050,12772095,"octobre","lundi",2018
"1570",2018-10-09,10,-57,-47,26733,40159,66892,33,2,0,35,108683,9641,4120,122444,11608,85,11693,12512653,271135,12783788,"octobre","mardi",2018
"1571",2018-10-10,-106,-92,-198,26627,40067,66694,16,0,2,18,108699,9641,4122,122462,12457,47,12504,12525110,271182,12796292,"octobre","mercredi",2018
"1572",2018-10-11,-39,-22,-61,26588,40045,66633,15,5,0,20,108714,9646,4122,122482,11746,57,11803,12536856,271239,12808095,"octobre","jeudi",2018
"1573",2018-10-12,10,61,71,26598,40106,66704,95,11,3,109,108809,9657,4125,122591,7850,191,8041,12544706,271430,12816136,"octobre","vendredi",2018
"1574",2018-10-13,20,68,88,26618,40174,66792,171,13,4,188,108980,9670,4129,122779,8993,393,9386,12553699,271823,12825522,"octobre","samedi",2018
"1575",2018-10-14,8,43,51,26626,40217,66843,64,5,3,72,109044,9675,4132,122851,6887,199,7086,12560586,272022,12832608,"octobre","dimanche",2018
"1576",2018-10-15,-32,-19,-51,26594,40198,66792,23,1,1,25,109067,9676,4133,122876,10699,63,10762,12571285,272085,12843370,"octobre","lundi",2018
"1577",2018-10-16,-5,39,34,26589,40237,66826,27,3,4,34,109094,9679,4137,122910,13630,80,13710,12584915,272165,12857080,"octobre","mardi",2018
"1578",2018-10-17,-52,-37,-89,26537,40200,66737,32,5,5,42,109126,9684,4142,122952,14430,98,14528,12599345,272263,12871608,"octobre","mercredi",2018
"1579",2018-10-18,-87,-93,-180,26450,40107,66557,23,11,3,37,109149,9695,4145,122989,12791,102,12893,12612136,272365,12884501,"octobre","jeudi",2018
"1580",2018-10-19,-38,-7,-45,26412,40100,66512,23,5,5,33,109172,9700,4150,123022,7216,68,7284,12619352,272433,12891785,"octobre","vendredi",2018
"1581",2018-10-20,16,27,43,26428,40127,66555,79,15,2,96,109251,9715,4152,123118,8357,248,8605,12627709,272681,12900390,"octobre","samedi",2018
"1582",2018-10-21,29,43,72,26457,40170,66627,97,5,10,112,109348,9720,4162,123230,8955,242,9197,12636664,272923,12909587,"octobre","dimanche",2018
"1583",2018-10-22,-24,-9,-33,26433,40161,66594,42,6,4,52,109390,9726,4166,123282,13226,127,13353,12649890,273050,12922940,"octobre","lundi",2018
"1584",2018-10-23,-12,-29,-41,26421,40132,66553,35,8,6,49,109425,9734,4172,123331,14081,136,14217,12663971,273186,12937157,"octobre","mardi",2018
"1585",2018-10-24,-111,-121,-232,26310,40011,66321,28,5,1,34,109453,9739,4173,123365,14240,102,14342,12678211,273288,12951499,"octobre","mercredi",2018
"1586",2018-10-25,-31,19,-12,26279,40030,66309,58,10,2,70,109511,9749,4175,123435,14618,150,14768,12692829,273438,12966267,"octobre","jeudi",2018
"1587",2018-10-26,-13,2,-11,26266,40032,66298,39,9,1,49,109550,9758,4176,123484,11387,126,11513,12704216,273564,12977780,"octobre","vendredi",2018
"1588",2018-10-27,11,12,23,26277,40044,66321,36,4,2,42,109586,9762,4178,123526,6619,81,6700,12710835,273645,12984480,"octobre","samedi",2018
"1589",2018-10-28,10,15,25,26287,40059,66346,55,7,2,64,109641,9769,4180,123590,6796,161,6957,12717631,273806,12991437,"octobre","dimanche",2018
"1590",2018-10-29,-4,-27,-31,26283,40032,66315,24,1,0,25,109665,9770,4180,123615,10216,64,10280,12727847,273870,13001717,"octobre","lundi",2018
"1591",2018-10-30,-21,-40,-61,26262,39992,66254,3,0,0,3,109668,9770,4180,123618,5125,8,5133,12732972,273878,13006850,"octobre","mardi",2018
"1592",2018-10-31,-55,-108,-163,26207,39884,66091,18,0,0,18,109686,9770,4180,123636,10451,40,10491,12743423,273918,13017341,"octobre","mercredi",2018
"1593",2018-11-01,3,47,50,26210,39931,66141,114,14,8,136,109800,9784,4188,123772,7812,225,8037,12751235,274143,13025378,"novembre","jeudi",2018
"1594",2018-11-02,-11,-13,-24,26199,39918,66117,106,19,1,126,109906,9803,4189,123898,9846,253,10099,12761081,274396,13035477,"novembre","vendredi",2018
"1595",2018-11-03,5,23,28,26204,39941,66145,101,6,1,108,110007,9809,4190,124006,8019,252,8271,12769100,274648,13043748,"novembre","samedi",2018
"1596",2018-11-04,24,24,48,26228,39965,66193,93,5,2,100,110100,9814,4192,124106,7271,247,7518,12776371,274895,13051266,"novembre","dimanche",2018
"1597",2018-11-05,-41,-11,-52,26187,39954,66141,7,3,1,11,110107,9817,4193,124117,6401,33,6434,12782772,274928,13057700,"novembre","lundi",2018
"1598",2018-11-06,-5,-18,-23,26182,39936,66118,20,2,2,24,110127,9819,4195,124141,10699,79,10778,12793471,275007,13068478,"novembre","mardi",2018
"1599",2018-11-07,-25,-15,-40,26157,39921,66078,7,2,1,10,110134,9821,4196,124151,7897,27,7924,12801368,275034,13076402,"novembre","mercredi",2018
"1600",2018-11-08,-55,-83,-138,26102,39838,65940,7,2,1,10,110141,9823,4197,124161,8733,24,8757,12810101,275058,13085159,"novembre","jeudi",2018
"1601",2018-11-09,15,38,53,26117,39876,65993,50,11,0,61,110191,9834,4197,124222,6992,109,7101,12817093,275167,13092260,"novembre","vendredi",2018
"1602",2018-11-10,56,-57,-1,26173,39819,65992,51,6,0,57,110242,9840,4197,124279,6285,109,6394,12823378,275276,13098654,"novembre","samedi",2018
"1603",2018-11-11,19,14,33,26192,39833,66025,94,1,0,95,110336,9841,4197,124374,6781,189,6970,12830159,275465,13105624,"novembre","dimanche",2018
"1604",2018-11-12,21,-36,-15,26213,39797,66010,7,2,0,9,110343,9843,4197,124383,9717,20,9737,12839876,275485,13115361,"novembre","lundi",2018
"1605",2018-11-13,-7,-19,-26,26206,39778,65984,39,3,4,46,110382,9846,4201,124429,12299,82,12381,12852175,275567,13127742,"novembre","mardi",2018
"1606",2018-11-14,-47,-72,-119,26159,39706,65865,28,5,1,34,110410,9851,4202,124463,12163,71,12234,12864338,275638,13139976,"novembre","mercredi",2018
"1607",2018-11-15,-45,-70,-115,26114,39636,65750,22,3,2,27,110432,9854,4204,124490,11935,48,11983,12876273,275686,13151959,"novembre","jeudi",2018
"1608",2018-11-16,1,10,11,26115,39646,65761,36,12,3,51,110468,9866,4207,124541,11105,97,11202,12887378,275783,13163161,"novembre","vendredi",2018
"1609",2018-11-17,12,53,65,26127,39699,65826,123,14,4,141,110591,9880,4211,124682,9448,311,9759,12896826,276094,13172920,"novembre","samedi",2018
"1610",2018-11-18,6,20,26,26133,39719,65852,54,1,0,55,110645,9881,4211,124737,5322,103,5425,12902148,276197,13178345,"novembre","dimanche",2018
"1611",2018-11-19,6,-13,-7,26139,39706,65845,18,0,2,20,110663,9881,4213,124757,9875,68,9943,12912023,276265,13188288,"novembre","lundi",2018
"1612",2018-11-20,-23,-23,-46,26116,39683,65799,10,3,1,14,110673,9884,4214,124771,9104,27,9131,12921127,276292,13197419,"novembre","mardi",2018
"1613",2018-11-21,-86,11,-75,26030,39694,65724,17,0,0,17,110690,9884,4214,124788,10042,29,10071,12931169,276321,13207490,"novembre","mercredi",2018
"1614",2018-11-22,-12,-87,-99,26018,39607,65625,8,6,1,15,110698,9890,4215,124803,11236,20,11256,12942405,276341,13218746,"novembre","jeudi",2018
"1615",2018-11-23,-3,2,-1,26015,39609,65624,31,11,0,42,110729,9901,4215,124845,10833,79,10912,12953238,276420,13229658,"novembre","vendredi",2018
"1616",2018-11-24,14,-4,10,26029,39605,65634,77,5,0,82,110806,9906,4215,124927,7634,168,7802,12960872,276588,13237460,"novembre","samedi",2018
"1617",2018-11-25,4,40,44,26033,39645,65678,49,3,1,53,110855,9909,4216,124980,6042,131,6173,12966914,276719,13243633,"novembre","dimanche",2018
"1618",2018-11-26,-1,-8,-9,26032,39637,65669,15,5,3,23,110870,9914,4219,125003,9876,61,9937,12976790,276780,13253570,"novembre","lundi",2018
"1619",2018-11-27,-10,-20,-30,26022,39617,65639,13,1,2,16,110883,9915,4221,125019,10954,41,10995,12987744,276821,13264565,"novembre","mardi",2018
"1620",2018-11-28,-34,-50,-84,25988,39567,65555,8,2,2,12,110891,9917,4223,125031,10987,31,11018,12998731,276852,13275583,"novembre","mercredi",2018
"1621",2018-11-29,-2,-5,-7,25986,39562,65548,16,5,0,21,110907,9922,4223,125052,10564,40,10604,13009295,276892,13286187,"novembre","jeudi",2018
"1622",2018-11-30,9,2,11,25995,39564,65559,29,5,2,36,110936,9927,4225,125088,10879,59,10938,13020174,276951,13297125,"novembre","vendredi",2018
"1623",2018-12-01,9,41,50,26004,39605,65609,95,8,0,103,111031,9935,4225,125191,8488,184,8672,13028662,277135,13305797,"décembre","samedi",2018
"1624",2018-12-02,20,39,59,26024,39644,65668,44,2,1,47,111075,9937,4226,125238,6940,107,7047,13035602,277242,13312844,"décembre","dimanche",2018
"1625",2018-12-03,-15,-7,-22,26009,39637,65646,10,0,3,13,111085,9937,4229,125251,9440,41,9481,13045042,277283,13322325,"décembre","lundi",2018
"1626",2018-12-04,3,15,18,26012,39652,65664,18,0,2,20,111103,9937,4231,125271,11224,44,11268,13056266,277327,13333593,"décembre","mardi",2018
"1627",2018-12-05,-23,-18,-41,25989,39634,65623,26,2,2,30,111129,9939,4233,125301,11522,46,11568,13067788,277373,13345161,"décembre","mercredi",2018
"1628",2018-12-06,10,34,44,25999,39668,65667,68,10,1,79,111197,9949,4234,125380,7409,120,7529,13075197,277493,13352690,"décembre","jeudi",2018
"1629",2018-12-07,-1,4,3,25998,39672,65670,60,17,0,77,111257,9966,4234,125457,8305,139,8444,13083502,277632,13361134,"décembre","vendredi",2018
"1630",2018-12-08,9,35,44,26007,39707,65714,133,13,4,150,111390,9979,4238,125607,6798,305,7103,13090300,277937,13368237,"décembre","samedi",2018
"1631",2018-12-09,13,36,49,26020,39743,65763,109,2,7,118,111499,9981,4245,125725,7009,251,7260,13097309,278188,13375497,"décembre","dimanche",2018
"1632",2018-12-10,-4,12,8,26016,39755,65771,28,3,2,33,111527,9984,4247,125758,10267,90,10357,13107576,278278,13385854,"décembre","lundi",2018
"1633",2018-12-11,-18,-16,-34,25998,39739,65737,24,0,3,27,111551,9984,4250,125785,11084,86,11170,13118660,278364,13397024,"décembre","mardi",2018
"1634",2018-12-12,-8,12,4,25990,39751,65741,19,1,1,21,111570,9985,4251,125806,11089,83,11172,13129749,278447,13408196,"décembre","mercredi",2018
"1635",2018-12-13,-43,-23,-66,25947,39728,65675,7,1,0,8,111577,9986,4251,125814,7909,19,7928,13137658,278466,13416124,"décembre","jeudi",2018
"1636",2018-12-14,-7,-2,-9,25940,39726,65666,33,3,1,37,111610,9989,4252,125851,10968,56,11024,13148626,278522,13427148,"décembre","vendredi",2018
"1637",2018-12-15,2,49,51,25942,39775,65717,66,5,1,72,111676,9994,4253,125923,8427,102,8529,13157053,278624,13435677,"décembre","samedi",2018
"1638",2018-12-16,4,30,34,25946,39805,65751,41,2,1,44,111717,9996,4254,125967,6816,85,6901,13163869,278709,13442578,"décembre","dimanche",2018
"1639",2018-12-17,6,0,6,25952,39805,65757,27,3,3,33,111744,9999,4257,126000,10159,62,10221,13174028,278771,13452799,"décembre","lundi",2018
"1640",2018-12-18,-33,-9,-42,25919,39796,65715,20,1,2,23,111764,10000,4259,126023,10126,56,10182,13184154,278827,13462981,"décembre","mardi",2018
"1641",2018-12-19,-22,-21,-43,25897,39775,65672,26,2,4,32,111790,10002,4263,126055,10440,82,10522,13194594,278909,13473503,"décembre","mercredi",2018
"1642",2018-12-20,-21,-1,-22,25876,39774,65650,16,2,0,18,111806,10004,4263,126073,11020,47,11067,13205614,278956,13484570,"décembre","jeudi",2018
"1643",2018-12-21,-20,18,-2,25856,39792,65648,30,6,3,39,111836,10010,4266,126112,10063,69,10132,13215677,279025,13494702,"décembre","vendredi",2018
"1644",2018-12-22,13,10,23,25869,39802,65671,33,4,5,42,111869,10014,4271,126154,6521,63,6584,13222198,279088,13501286,"décembre","samedi",2018
"1645",2018-12-23,8,14,22,25877,39816,65693,67,5,3,75,111936,10019,4274,126229,5046,132,5178,13227244,279220,13506464,"décembre","dimanche",2018
"1646",2018-12-24,-13,-3,-16,25864,39813,65677,38,3,5,46,111974,10022,4279,126275,4364,96,4460,13231608,279316,13510924,"décembre","lundi",2018
"1647",2018-12-25,8,25,33,25872,39838,65710,81,5,2,88,112055,10027,4281,126363,2873,152,3025,13234481,279468,13513949,"décembre","mardi",2018
"1648",2018-12-26,-10,8,-2,25862,39846,65708,55,8,7,70,112110,10035,4288,126433,6496,124,6620,13240977,279592,13520569,"décembre","mercredi",2018
"1649",2018-12-27,-21,-20,-41,25841,39826,65667,51,20,8,79,112161,10055,4296,126512,7282,151,7433,13248259,279743,13528002,"décembre","jeudi",2018
"1650",2018-12-28,-6,14,8,25835,39840,65675,96,8,8,112,112257,10063,4304,126624,7386,256,7642,13255645,279999,13535644,"décembre","vendredi",2018
"1651",2018-12-29,5,21,26,25840,39861,65701,93,20,7,120,112350,10083,4311,126744,5584,250,5834,13261229,280249,13541478,"décembre","samedi",2018
"1652",2018-12-30,6,21,27,25846,39882,65728,112,10,0,122,112462,10093,4311,126866,5114,301,5415,13266343,280550,13546893,"décembre","dimanche",2018
"1653",2018-12-31,0,-5,-5,25846,39877,65723,103,11,5,119,112565,10104,4316,126985,4718,283,5001,13271061,280833,13551894,"décembre","lundi",2018
"1654",2019-01-01,9,33,42,25855,39910,65765,139,8,6,153,112704,10112,4322,127138,3516,345,3861,13274577,281178,13555755,"janvier","mardi",2019
"1655",2019-01-02,-3,8,5,25852,39918,65770,57,9,4,70,112761,10121,4326,127208,6395,166,6561,13280972,281344,13562316,"janvier","mercredi",2019
"1656",2019-01-03,-13,15,2,25839,39933,65772,61,4,5,70,112822,10125,4331,127278,7479,146,7625,13288451,281490,13569941,"janvier","jeudi",2019
"1657",2019-01-04,-28,-6,-34,25811,39927,65738,70,3,1,74,112892,10128,4332,127352,7787,157,7944,13296238,281647,13577885,"janvier","vendredi",2019
"1658",2019-01-05,9,32,41,25820,39959,65779,62,5,3,70,112954,10133,4335,127422,6256,109,6365,13302494,281756,13584250,"janvier","samedi",2019
"1659",2019-01-06,6,39,45,25826,39998,65824,56,5,3,64,113010,10138,4338,127486,4747,114,4861,13307241,281870,13589111,"janvier","dimanche",2019
"1660",2019-01-07,7,38,45,25833,40036,65869,49,5,1,55,113059,10143,4339,127541,5493,101,5594,13312734,281971,13594705,"janvier","lundi",2019
"1661",2019-01-08,-23,17,-6,25810,40053,65863,24,3,1,28,113083,10146,4340,127569,9411,54,9465,13322145,282025,13604170,"janvier","mardi",2019
"1662",2019-01-09,-5,17,12,25805,40070,65875,15,3,2,20,113098,10149,4342,127589,10072,42,10114,13332217,282067,13614284,"janvier","mercredi",2019
"1663",2019-01-10,-13,1,-12,25792,40071,65863,14,5,4,23,113112,10154,4346,127612,9763,41,9804,13341980,282108,13624088,"janvier","jeudi",2019
"1664",2019-01-11,-28,-8,-36,25764,40063,65827,27,4,0,31,113139,10158,4346,127643,9412,51,9463,13351392,282159,13633551,"janvier","vendredi",2019
"1665",2019-01-12,3,33,36,25767,40096,65863,60,4,0,64,113199,10162,4346,127707,7008,134,7142,13358400,282293,13640693,"janvier","samedi",2019
"1666",2019-01-13,13,33,46,25780,40129,65909,66,2,0,68,113265,10164,4346,127775,6174,131,6305,13364574,282424,13646998,"janvier","dimanche",2019
"1667",2019-01-14,-5,-3,-8,25775,40126,65901,15,1,1,17,113280,10165,4347,127792,9367,44,9411,13373941,282468,13656409,"janvier","lundi",2019
"1668",2019-01-15,-6,5,-1,25769,40131,65900,22,1,0,23,113302,10166,4347,127815,10129,44,10173,13384070,282512,13666582,"janvier","mardi",2019
"1669",2019-01-16,-13,11,-2,25756,40142,65898,23,3,1,27,113325,10169,4348,127842,10210,40,10250,13394280,282552,13676832,"janvier","mercredi",2019
"1670",2019-01-17,-58,-38,-96,25698,40104,65802,9,3,0,12,113334,10172,4348,127854,9689,20,9709,13403969,282572,13686541,"janvier","jeudi",2019
"1671",2019-01-18,-7,7,0,25691,40111,65802,18,6,2,26,113352,10178,4350,127880,9313,51,9364,13413282,282623,13695905,"janvier","vendredi",2019
"1672",2019-01-19,1,3,4,25692,40114,65806,29,1,0,30,113381,10179,4350,127910,4462,37,4499,13417744,282660,13700404,"janvier","samedi",2019
"1673",2019-01-20,11,11,22,25703,40125,65828,59,3,4,66,113440,10182,4354,127976,5421,95,5516,13423165,282755,13705920,"janvier","dimanche",2019
"1674",2019-01-21,-5,-25,-30,25698,40100,65798,12,1,1,14,113452,10183,4355,127990,9200,40,9240,13432365,282795,13715160,"janvier","lundi",2019
"1675",2019-01-22,-6,-17,-23,25692,40083,65775,10,3,1,14,113462,10186,4356,128004,8463,33,8496,13440828,282828,13723656,"janvier","mardi",2019
"1676",2019-01-23,-38,-26,-64,25654,40057,65711,18,0,0,18,113480,10186,4356,128022,9715,46,9761,13450543,282874,13733417,"janvier","mercredi",2019
"1677",2019-01-24,-5,5,0,25649,40062,65711,23,2,1,26,113503,10188,4357,128048,11076,53,11129,13461619,282927,13744546,"janvier","jeudi",2019
"1678",2019-01-25,-1,34,33,25648,40096,65744,45,8,1,54,113548,10196,4358,128102,11473,86,11559,13473092,283013,13756105,"janvier","vendredi",2019
"1679",2019-01-26,4,56,60,25652,40152,65804,107,4,3,114,113655,10200,4361,128216,8395,204,8599,13481487,283217,13764704,"janvier","samedi",2019
"1680",2019-01-27,24,51,75,25676,40203,65879,116,2,4,122,113771,10202,4365,128338,7235,200,7435,13488722,283417,13772139,"janvier","dimanche",2019
"1681",2019-01-28,-1,4,3,25675,40207,65882,26,4,3,33,113797,10206,4368,128371,10032,64,10096,13498754,283481,13782235,"janvier","lundi",2019
"1682",2019-01-29,-2,-4,-6,25673,40203,65876,18,0,0,18,113815,10206,4368,128389,10187,41,10228,13508941,283522,13792463,"janvier","mardi",2019
"1683",2019-01-30,-10,-50,-60,25663,40153,65816,11,1,0,12,113826,10207,4368,128401,9085,25,9110,13518026,283547,13801573,"janvier","mercredi",2019
"1684",2019-01-31,11,-14,-3,25674,40139,65813,18,3,0,21,113844,10210,4368,128422,9622,41,9663,13527648,283588,13811236,"janvier","jeudi",2019
"1685",2019-02-01,-2,-12,-14,25672,40127,65799,19,7,0,26,113863,10217,4368,128448,8478,63,8541,13536126,283651,13819777,"février","vendredi",2019
"1686",2019-02-02,4,37,41,25676,40164,65840,73,5,1,79,113936,10222,4369,128527,6967,141,7108,13543093,283792,13826885,"février","samedi",2019
"1687",2019-02-03,9,38,47,25685,40202,65887,108,6,0,114,114044,10228,4369,128641,6718,205,6923,13549811,283997,13833808,"février","dimanche",2019
"1688",2019-02-04,-6,-14,-20,25679,40188,65867,24,2,0,26,114068,10230,4369,128667,9620,53,9673,13559431,284050,13843481,"février","lundi",2019
"1689",2019-02-05,-1,20,19,25678,40208,65886,30,5,0,35,114098,10235,4369,128702,10834,70,10904,13570265,284120,13854385,"février","mardi",2019
"1690",2019-02-06,-19,13,-6,25659,40221,65880,36,5,2,43,114134,10240,4371,128745,10986,69,11055,13581251,284189,13865440,"février","mercredi",2019
"1691",2019-02-07,1,-27,-26,25660,40194,65854,39,9,3,51,114173,10249,4374,128796,11179,122,11301,13592430,284311,13876741,"février","jeudi",2019
"1692",2019-02-08,-7,0,-7,25653,40194,65847,41,5,0,46,114214,10254,4374,128842,11043,108,11151,13603473,284419,13887892,"février","vendredi",2019
"1693",2019-02-09,3,37,40,25656,40231,65887,108,6,0,114,114322,10260,4374,128956,7766,219,7985,13611239,284638,13895877,"février","samedi",2019
"1694",2019-02-10,12,31,43,25668,40262,65930,89,1,2,92,114411,10261,4376,129048,6383,174,6557,13617622,284812,13902434,"février","dimanche",2019
"1695",2019-02-11,-3,2,-1,25665,40264,65929,58,3,2,63,114469,10264,4378,129111,10205,124,10329,13627827,284936,13912763,"février","lundi",2019
"1696",2019-02-12,-2,0,-2,25663,40264,65927,38,4,3,45,114507,10268,4381,129156,11036,74,11110,13638863,285010,13923873,"février","mardi",2019
"1697",2019-02-13,-16,-25,-41,25647,40239,65886,40,0,1,41,114547,10268,4382,129197,11401,63,11464,13650264,285073,13935337,"février","mercredi",2019
"1698",2019-02-14,0,8,8,25647,40247,65894,38,7,0,45,114585,10275,4382,129242,11540,70,11610,13661804,285143,13946947,"février","jeudi",2019
"1699",2019-02-15,3,20,23,25650,40267,65917,68,20,6,94,114653,10295,4388,129336,11200,172,11372,13673004,285315,13958319,"février","vendredi",2019
"1700",2019-02-16,22,54,76,25672,40321,65993,149,13,0,162,114802,10308,4388,129498,8272,321,8593,13681276,285636,13966912,"février","samedi",2019
"1701",2019-02-17,17,54,71,25689,40375,66064,116,2,1,119,114918,10310,4389,129617,7433,260,7693,13688709,285896,13974605,"février","dimanche",2019
"1702",2019-02-18,6,-6,0,25695,40369,66064,35,6,2,43,114953,10316,4391,129660,10274,98,10372,13698983,285994,13984977,"février","lundi",2019
"1703",2019-02-19,-3,24,21,25692,40393,66085,41,6,1,48,114994,10322,4392,129708,11388,94,11482,13710371,286088,13996459,"février","mardi",2019
"1704",2019-02-20,-17,-47,-64,25675,40346,66021,49,3,2,54,115043,10325,4394,129762,11374,125,11499,13721745,286213,14007958,"février","mercredi",2019
"1705",2019-02-21,-7,19,12,25668,40365,66033,43,7,2,52,115086,10332,4396,129814,11758,113,11871,13733503,286326,14019829,"février","jeudi",2019
"1706",2019-02-22,4,19,23,25672,40384,66056,54,4,2,60,115140,10336,4398,129874,11708,131,11839,13745211,286457,14031668,"février","vendredi",2019
"1707",2019-02-23,25,57,82,25697,40441,66138,143,14,0,157,115283,10350,4398,130031,8183,305,8488,13753394,286762,14040156,"février","samedi",2019
"1708",2019-02-24,18,44,62,25715,40485,66200,139,5,3,147,115422,10355,4401,130178,7677,306,7983,13761071,287068,14048139,"février","dimanche",2019
"1709",2019-02-25,-3,10,7,25712,40495,66207,48,3,2,53,115470,10358,4403,130231,10858,133,10991,13771929,287201,14059130,"février","lundi",2019
"1710",2019-02-26,5,13,18,25717,40508,66225,26,11,4,41,115496,10369,4407,130272,12012,93,12105,13783941,287294,14071235,"février","mardi",2019
"1711",2019-02-27,-35,-21,-56,25682,40487,66169,32,7,2,41,115528,10376,4409,130313,12143,92,12235,13796084,287386,14083470,"février","mercredi",2019
"1712",2019-02-28,-11,37,26,25671,40524,66195,54,16,1,71,115582,10392,4410,130384,12246,174,12420,13808330,287560,14095890,"février","jeudi",2019
"1713",2019-03-01,4,32,36,25675,40556,66231,67,15,4,86,115649,10407,4414,130470,11959,160,12119,13820289,287720,14108009,"mars","vendredi",2019
"1714",2019-03-02,22,77,99,25697,40633,66330,159,17,0,176,115808,10424,4414,130646,8729,343,9072,13829018,288063,14117081,"mars","samedi",2019
"1715",2019-03-03,12,70,82,25709,40703,66412,181,13,2,196,115989,10437,4416,130842,7441,382,7823,13836459,288445,14124904,"mars","dimanche",2019
"1716",2019-03-04,4,12,16,25713,40715,66428,46,4,3,53,116035,10441,4419,130895,10184,168,10352,13846643,288613,14135256,"mars","lundi",2019
"1717",2019-03-05,8,7,15,25721,40722,66443,64,2,0,66,116099,10443,4419,130961,11557,140,11697,13858200,288753,14146953,"mars","mardi",2019
"1718",2019-03-06,-41,-42,-83,25680,40680,66360,15,0,0,15,116114,10443,4419,130976,8264,33,8297,13866464,288786,14155250,"mars","mercredi",2019
"1719",2019-03-07,-14,21,7,25666,40701,66367,15,5,4,24,116129,10448,4423,131000,11273,41,11314,13877737,288827,14166564,"mars","jeudi",2019
"1720",2019-03-08,-13,32,19,25653,40733,66386,49,16,2,67,116178,10464,4425,131067,12049,93,12142,13889786,288920,14178706,"mars","vendredi",2019
"1721",2019-03-09,24,59,83,25677,40792,66469,141,14,1,156,116319,10478,4426,131223,8538,272,8810,13898324,289192,14187516,"mars","samedi",2019
"1722",2019-03-10,31,96,127,25708,40888,66596,177,2,6,185,116496,10480,4432,131408,8361,331,8692,13906685,289523,14196208,"mars","dimanche",2019
"1723",2019-03-11,3,24,27,25711,40912,66623,50,2,2,54,116546,10482,4434,131462,11603,139,11742,13918288,289662,14207950,"mars","lundi",2019
"1724",2019-03-12,-9,29,20,25702,40941,66643,42,1,0,43,116588,10483,4434,131505,12467,82,12549,13930755,289744,14220499,"mars","mardi",2019
"1725",2019-03-13,-32,-7,-39,25670,40934,66604,28,5,0,33,116616,10488,4434,131538,12114,68,12182,13942869,289812,14232681,"mars","mercredi",2019
"1726",2019-03-14,-2,9,7,25668,40943,66611,24,1,0,25,116640,10489,4434,131563,12468,36,12504,13955337,289848,14245185,"mars","jeudi",2019
"1727",2019-03-15,0,27,27,25668,40970,66638,69,8,4,81,116709,10497,4438,131644,12641,127,12768,13967978,289975,14257953,"mars","vendredi",2019
"1728",2019-03-16,16,74,90,25684,41044,66728,150,13,5,168,116859,10510,4443,131812,9305,303,9608,13977283,290278,14267561,"mars","samedi",2019
"1729",2019-03-17,29,98,127,25713,41142,66855,141,6,2,149,117000,10516,4445,131961,8264,317,8581,13985547,290595,14276142,"mars","dimanche",2019
"1730",2019-03-18,-14,10,-4,25699,41152,66851,24,7,1,32,117024,10523,4446,131993,10700,91,10791,13996247,290686,14286933,"mars","lundi",2019
"1731",2019-03-19,14,-1,13,25713,41151,66864,29,4,0,33,117053,10527,4446,132026,11490,64,11554,14007737,290750,14298487,"mars","mardi",2019
"1732",2019-03-20,-47,8,-39,25666,41159,66825,16,0,3,19,117069,10527,4449,132045,12078,43,12121,14019815,290793,14310608,"mars","mercredi",2019
"1733",2019-03-21,-10,12,2,25656,41171,66827,40,6,3,49,117109,10533,4452,132094,12283,102,12385,14032098,290895,14322993,"mars","jeudi",2019
"1734",2019-03-22,-4,15,11,25652,41186,66838,59,13,0,72,117168,10546,4452,132166,12359,124,12483,14044457,291019,14335476,"mars","vendredi",2019
"1735",2019-03-23,22,65,87,25674,41251,66925,159,14,1,174,117327,10560,4453,132340,8806,348,9154,14053263,291367,14344630,"mars","samedi",2019
"1736",2019-03-24,18,79,97,25692,41330,67022,125,10,4,139,117452,10570,4457,132479,8421,289,8710,14061684,291656,14353340,"mars","dimanche",2019
"1737",2019-03-25,2,15,17,25694,41345,67039,30,1,2,33,117482,10571,4459,132512,11643,101,11744,14073327,291757,14365084,"mars","lundi",2019
"1738",2019-03-26,-2,1,-1,25692,41346,67038,25,3,0,28,117507,10574,4459,132540,12382,62,12444,14085709,291819,14377528,"mars","mardi",2019
"1739",2019-03-27,-26,-31,-57,25666,41315,66981,24,1,4,29,117531,10575,4463,132569,12579,48,12627,14098288,291867,14390155,"mars","mercredi",2019
"1740",2019-03-28,9,7,16,25675,41322,66997,24,7,2,33,117555,10582,4465,132602,12735,66,12801,14111023,291933,14402956,"mars","jeudi",2019
"1741",2019-03-29,0,8,8,25675,41330,67005,56,15,2,73,117611,10597,4467,132675,12201,136,12337,14123224,292069,14415293,"mars","vendredi",2019
"1742",2019-03-30,27,69,96,25702,41399,67101,146,15,7,168,117757,10612,4474,132843,8832,303,9135,14132056,292372,14424428,"mars","samedi",2019
"1743",2019-03-31,2,39,41,25704,41438,67142,48,1,0,49,117805,10613,4474,132892,6038,109,6147,14138094,292481,14430575,"mars","dimanche",2019
"1744",2019-04-01,13,8,21,25717,41446,67163,39,3,1,43,117844,10616,4475,132935,10888,77,10965,14148982,292558,14441540,"avril","lundi",2019
"1745",2019-04-02,-8,13,5,25709,41459,67168,38,4,2,44,117882,10620,4477,132979,11884,78,11962,14160866,292636,14453502,"avril","mardi",2019
"1746",2019-04-03,-26,-33,-59,25683,41426,67109,27,2,1,30,117909,10622,4478,133009,12066,73,12139,14172932,292709,14465641,"avril","mercredi",2019
"1747",2019-04-04,-5,0,-5,25678,41426,67104,32,1,0,33,117941,10623,4478,133042,12148,64,12212,14185080,292773,14477853,"avril","jeudi",2019
"1748",2019-04-05,3,-13,-10,25681,41413,67094,10,11,0,21,117951,10634,4478,133063,7393,45,7438,14192473,292818,14485291,"avril","vendredi",2019
"1749",2019-04-06,-3,11,8,25678,41424,67102,37,2,0,39,117988,10636,4478,133102,6157,81,6238,14198630,292899,14491529,"avril","samedi",2019
"1750",2019-04-07,8,11,19,25686,41435,67121,52,4,0,56,118040,10640,4478,133158,5658,133,5791,14204288,293032,14497320,"avril","dimanche",2019
"1751",2019-04-08,13,11,24,25699,41446,67145,20,3,0,23,118060,10643,4478,133181,8670,67,8737,14212958,293099,14506057,"avril","lundi",2019
"1752",2019-04-09,-28,-53,-81,25671,41393,67064,12,3,2,17,118072,10646,4480,133198,9827,42,9869,14222785,293141,14515926,"avril","mardi",2019
"1753",2019-04-10,-43,-62,-105,25628,41331,66959,18,5,0,23,118090,10651,4480,133221,11477,60,11537,14234262,293201,14527463,"avril","mercredi",2019
"1754",2019-04-11,13,21,34,25641,41352,66993,12,3,3,18,118102,10654,4483,133239,11988,39,12027,14246250,293240,14539490,"avril","jeudi",2019
"1755",2019-04-12,-22,-30,-52,25619,41322,66941,47,9,1,57,118149,10663,4484,133296,11997,90,12087,14258247,293330,14551577,"avril","vendredi",2019
"1756",2019-04-13,12,45,57,25631,41367,66998,129,6,3,138,118278,10669,4487,133434,8517,253,8770,14266764,293583,14560347,"avril","samedi",2019
"1757",2019-04-14,17,81,98,25648,41448,67096,159,6,2,167,118437,10675,4489,133601,7717,334,8051,14274481,293917,14568398,"avril","dimanche",2019
"1758",2019-04-15,-16,-9,-25,25632,41439,67071,99,4,2,105,118536,10679,4491,133706,9422,215,9637,14283903,294132,14578035,"avril","lundi",2019
"1759",2019-04-16,1,-2,-1,25633,41437,67070,80,4,11,95,118616,10683,4502,133801,9803,205,10008,14293706,294337,14588043,"avril","mardi",2019
"1760",2019-04-17,-3,-21,-24,25630,41416,67046,98,3,3,104,118714,10686,4505,133905,8110,197,8307,14301816,294534,14596350,"avril","mercredi",2019
"1761",2019-04-18,-8,2,-6,25622,41418,67040,5,4,0,9,118719,10690,4505,133914,1881,20,1901,14303697,294554,14598251,"avril","jeudi",2019
"1762",2019-04-19,-2,5,3,25620,41423,67043,20,5,0,25,118739,10695,4505,133939,2125,47,2172,14305822,294601,14600423,"avril","vendredi",2019
"1763",2019-04-20,1,18,19,25621,41441,67062,109,14,3,126,118848,10709,4508,134065,4300,266,4566,14310122,294867,14604989,"avril","samedi",2019
"1764",2019-04-21,7,20,27,25628,41461,67089,64,5,0,69,118912,10714,4508,134134,4679,151,4830,14314801,295018,14609819,"avril","dimanche",2019
"1765",2019-04-22,-34,-73,-107,25594,41388,66982,54,6,2,62,118966,10720,4510,134196,9984,127,10111,14324785,295145,14619930,"avril","lundi",2019
"1766",2019-04-23,-12,-39,-51,25582,41349,66931,10,0,1,11,118976,10720,4511,134207,8378,41,8419,14333163,295186,14628349,"avril","mardi",2019
"1767",2019-04-24,-5,-27,-32,25577,41322,66899,2,0,0,2,118978,10720,4511,134209,3130,4,3134,14336293,295190,14631483,"avril","mercredi",2019
"1768",2019-04-25,-15,-23,-38,25562,41299,66861,25,3,7,35,119003,10723,4518,134244,10510,58,10568,14346803,295248,14642051,"avril","jeudi",2019
"1769",2019-04-26,-19,2,-17,25543,41301,66844,60,11,3,74,119063,10734,4521,134318,12235,140,12375,14359038,295388,14654426,"avril","vendredi",2019
"1770",2019-04-27,18,67,85,25561,41368,66929,170,15,1,186,119233,10749,4522,134504,10038,357,10395,14369076,295745,14664821,"avril","samedi",2019
"1771",2019-04-28,21,64,85,25582,41432,67014,186,18,1,205,119419,10767,4523,134709,9501,478,9979,14378577,296223,14674800,"avril","dimanche",2019
"1772",2019-04-29,-31,-69,-100,25551,41363,66914,49,4,1,54,119468,10771,4524,134763,12409,176,12585,14390986,296399,14687385,"avril","lundi",2019
"1773",2019-04-30,-17,8,-9,25534,41371,66905,50,0,1,51,119518,10771,4525,134814,12961,160,13121,14403947,296559,14700506,"avril","mardi",2019
"1774",2019-05-01,14,87,101,25548,41458,67006,110,19,9,138,119628,10790,4534,134952,7816,266,8082,14411763,296825,14708588,"mai","mercredi",2019
"1775",2019-05-02,6,73,79,25554,41531,67085,133,26,7,166,119761,10816,4541,135118,7566,366,7932,14419329,297191,14716520,"mai","jeudi",2019
"1776",2019-05-03,0,-27,-27,25554,41504,67058,90,24,5,119,119851,10840,4546,135237,8918,303,9221,14428247,297494,14725741,"mai","vendredi",2019
"1777",2019-05-04,14,71,85,25568,41575,67143,152,32,8,192,120003,10872,4554,135429,7592,484,8076,14435839,297978,14733817,"mai","samedi",2019
"1778",2019-05-05,13,54,67,25581,41629,67210,139,5,3,147,120142,10877,4557,135576,7589,420,8009,14443428,298398,14741826,"mai","dimanche",2019
"1779",2019-05-06,-71,-113,-184,25510,41516,67026,58,8,1,67,120200,10885,4558,135643,12143,191,12334,14455571,298589,14754160,"mai","lundi",2019
"1780",2019-05-07,-7,-17,-24,25503,41499,67002,43,1,1,45,120243,10886,4559,135688,13410,112,13522,14468981,298701,14767682,"mai","mardi",2019
"1781",2019-05-08,-1,-11,-12,25502,41488,66990,31,1,1,33,120274,10887,4560,135721,12463,100,12563,14481444,298801,14780245,"mai","mercredi",2019
"1782",2019-05-09,-3,10,7,25499,41498,66997,48,10,1,59,120322,10897,4561,135780,13558,132,13690,14495002,298933,14793935,"mai","jeudi",2019
"1783",2019-05-10,14,-10,4,25513,41488,67001,72,20,3,95,120394,10917,4564,135875,13632,207,13839,14508634,299140,14807774,"mai","vendredi",2019
"1784",2019-05-11,24,79,103,25537,41567,67104,179,16,6,201,120573,10933,4570,136076,10727,379,11106,14519361,299519,14818880,"mai","samedi",2019
"1785",2019-05-12,25,52,77,25562,41619,67181,132,10,2,144,120705,10943,4572,136220,9785,376,10161,14529146,299895,14829041,"mai","dimanche",2019
"1786",2019-05-13,-5,-42,-47,25557,41577,67134,43,5,5,53,120748,10948,4577,136273,13328,151,13479,14542474,300046,14842520,"mai","lundi",2019
"1787",2019-05-14,5,7,12,25562,41584,67146,37,5,2,44,120785,10953,4579,136317,14816,97,14913,14557290,300143,14857433,"mai","mardi",2019
"1788",2019-05-15,7,75,82,25569,41659,67228,122,4,3,129,120907,10957,4582,136446,11475,238,11713,14568765,300381,14869146,"mai","mercredi",2019
"1789",2019-05-16,-37,-109,-146,25532,41550,67082,44,12,1,57,120951,10969,4583,136503,13821,135,13956,14582586,300516,14883102,"mai","jeudi",2019
"1790",2019-05-17,-57,-86,-143,25475,41464,66939,37,5,1,43,120988,10974,4584,136546,12103,103,12206,14594689,300619,14895308,"mai","vendredi",2019
"1791",2019-05-18,19,52,71,25494,41516,67010,137,16,7,160,121125,10990,4591,136706,9054,265,9319,14603743,300884,14904627,"mai","samedi",2019
"1792",2019-05-19,21,46,67,25515,41562,67077,110,5,2,117,121235,10995,4593,136823,8984,240,9224,14612727,301124,14913851,"mai","dimanche",2019
"1793",2019-05-20,-3,-5,-8,25512,41557,67069,43,7,4,54,121278,11002,4597,136877,12647,133,12780,14625374,301257,14926631,"mai","lundi",2019
"1794",2019-05-21,-19,0,-19,25493,41557,67050,42,8,7,57,121320,11010,4604,136934,13876,104,13980,14639250,301361,14940611,"mai","mardi",2019
"1795",2019-05-22,-1,-3,-4,25492,41554,67046,49,6,0,55,121369,11016,4604,136989,14443,128,14571,14653693,301489,14955182,"mai","mercredi",2019
"1796",2019-05-23,-10,-13,-23,25482,41541,67023,45,14,3,62,121414,11030,4607,137051,14623,134,14757,14668316,301623,14969939,"mai","jeudi",2019
"1797",2019-05-24,-69,-34,-103,25413,41507,66920,38,17,3,58,121452,11047,4610,137109,14627,189,14816,14682943,301812,14984755,"mai","vendredi",2019
"1798",2019-05-25,11,42,53,25424,41549,66973,153,18,2,173,121605,11065,4612,137282,10151,391,10542,14693094,302203,14995297,"mai","samedi",2019
"1799",2019-05-26,14,42,56,25438,41591,67029,140,4,4,148,121745,11069,4616,137430,9984,319,10303,14703078,302522,15005600,"mai","dimanche",2019
"1800",2019-05-27,-12,-4,-16,25426,41587,67013,60,3,9,72,121805,11072,4625,137502,13496,156,13652,14716574,302678,15019252,"mai","lundi",2019
"1801",2019-05-28,-41,-44,-85,25385,41543,66928,51,1,4,56,121856,11073,4629,137558,14174,100,14274,14730748,302778,15033526,"mai","mardi",2019
"1802",2019-05-29,-10,15,5,25375,41558,66933,47,2,2,51,121903,11075,4631,137609,14348,114,14462,14745096,302892,15047988,"mai","mercredi",2019
"1803",2019-05-30,-40,-62,-102,25335,41496,66831,59,8,12,79,121962,11083,4643,137688,14865,142,15007,14759961,303034,15062995,"mai","jeudi",2019
"1804",2019-05-31,-10,12,2,25325,41508,66833,82,22,8,112,122044,11105,4651,137800,14236,244,14480,14774197,303278,15077475,"mai","vendredi",2019
"1805",2019-06-01,26,54,80,25351,41562,66913,106,13,1,120,122150,11118,4652,137920,10287,304,10591,14784484,303582,15088066,"juin","samedi",2019
"1806",2019-06-02,16,69,85,25367,41631,66998,101,5,9,115,122251,11123,4661,138035,9707,311,10018,14794191,303893,15098084,"juin","dimanche",2019
"1807",2019-06-03,-9,17,8,25358,41648,67006,31,8,3,42,122282,11131,4664,138077,13646,125,13771,14807837,304018,15111855,"juin","lundi",2019
"1808",2019-06-04,4,7,11,25362,41655,67017,34,5,4,43,122316,11136,4668,138120,14812,119,14931,14822649,304137,15126786,"juin","mardi",2019
"1809",2019-06-05,-7,29,22,25355,41684,67039,26,4,0,30,122342,11140,4668,138150,14229,102,14331,14836878,304239,15141117,"juin","mercredi",2019
"1810",2019-06-06,-35,-62,-97,25320,41622,66942,48,7,4,59,122390,11147,4672,138209,14658,122,14780,14851536,304361,15155897,"juin","jeudi",2019
"1811",2019-06-07,16,29,45,25336,41651,66987,39,9,4,52,122429,11156,4676,138261,13696,126,13822,14865232,304487,15169719,"juin","vendredi",2019
"1812",2019-06-08,14,22,36,25350,41673,67023,144,19,8,171,122573,11175,4684,138432,9794,359,10153,14875026,304846,15179872,"juin","samedi",2019
"1813",2019-06-09,7,40,47,25357,41713,67070,108,5,1,114,122681,11180,4685,138546,9286,271,9557,14884312,305117,15189429,"juin","dimanche",2019
"1814",2019-06-10,-18,-4,-22,25339,41709,67048,52,11,2,65,122733,11191,4687,138611,13344,162,13506,14897656,305279,15202935,"juin","lundi",2019
"1815",2019-06-11,-16,12,-4,25323,41721,67044,29,11,4,44,122762,11202,4691,138655,13696,104,13800,14911352,305383,15216735,"juin","mardi",2019
"1816",2019-06-12,-21,0,-21,25302,41721,67023,62,15,2,79,122824,11217,4693,138734,14304,203,14507,14925656,305586,15231242,"juin","mercredi",2019
"1817",2019-06-13,-52,-58,-110,25250,41663,66913,47,3,1,51,122871,11220,4694,138785,14680,157,14837,14940336,305743,15246079,"juin","jeudi",2019
"1818",2019-06-14,-35,1,-34,25215,41664,66879,51,11,3,65,122922,11231,4697,138850,14177,132,14309,14954513,305875,15260388,"juin","vendredi",2019
"1819",2019-06-15,17,41,58,25232,41705,66937,103,21,2,126,123025,11252,4699,138976,9586,260,9846,14964099,306135,15270234,"juin","samedi",2019
"1820",2019-06-16,21,54,75,25253,41759,67012,100,10,3,113,123125,11262,4702,139089,8859,277,9136,14972958,306412,15279370,"juin","dimanche",2019
"1821",2019-06-17,-7,-20,-27,25246,41739,66985,23,8,6,37,123148,11270,4708,139126,13436,124,13560,14986394,306536,15292930,"juin","lundi",2019
"1822",2019-06-18,-4,-20,-24,25242,41719,66961,34,8,7,49,123182,11278,4715,139175,14703,140,14843,15001097,306676,15307773,"juin","mardi",2019
"1823",2019-06-19,-18,-18,-36,25224,41701,66925,41,3,2,46,123223,11281,4717,139221,14794,133,14927,15015891,306809,15322700,"juin","mercredi",2019
"1824",2019-06-20,-75,-110,-185,25149,41591,66740,21,7,8,36,123244,11288,4725,139257,15206,84,15290,15031097,306893,15337990,"juin","jeudi",2019
"1825",2019-06-21,-10,9,-1,25139,41600,66739,35,9,2,46,123279,11297,4727,139303,14380,122,14502,15045477,307015,15352492,"juin","vendredi",2019
"1826",2019-06-22,11,48,59,25150,41648,66798,88,11,8,107,123367,11308,4735,139410,9596,220,9816,15055073,307235,15362308,"juin","samedi",2019
"1827",2019-06-23,10,43,53,25160,41691,66851,105,7,3,115,123472,11315,4738,139525,9154,270,9424,15064227,307505,15371732,"juin","dimanche",2019
"1828",2019-06-24,-8,-3,-11,25152,41688,66840,40,4,7,51,123512,11319,4745,139576,13495,135,13630,15077722,307640,15385362,"juin","lundi",2019
"1829",2019-06-25,-1,4,3,25151,41692,66843,57,4,8,69,123569,11323,4753,139645,14697,162,14859,15092419,307802,15400221,"juin","mardi",2019
"1830",2019-06-26,-15,-32,-47,25136,41660,66796,44,5,5,54,123613,11328,4758,139699,14894,124,15018,15107313,307926,15415239,"juin","mercredi",2019
"1831",2019-06-27,-37,-79,-116,25099,41581,66680,36,8,4,48,123649,11336,4762,139747,14800,99,14899,15122113,308025,15430138,"juin","jeudi",2019
"1832",2019-06-28,-23,-2,-25,25076,41579,66655,38,9,1,48,123687,11345,4763,139795,13710,120,13830,15135823,308145,15443968,"juin","vendredi",2019
"1833",2019-06-29,16,47,63,25092,41626,66718,84,6,7,97,123771,11351,4770,139892,9293,183,9476,15145116,308328,15453444,"juin","samedi",2019
"1834",2019-06-30,15,39,54,25107,41665,66772,60,6,5,71,123831,11357,4775,139963,8453,179,8632,15153569,308507,15462076,"juin","dimanche",2019
"1835",2019-07-01,-9,-17,-26,25098,41648,66746,26,5,7,38,123857,11362,4782,140001,13338,102,13440,15166907,308609,15475516,"juillet","lundi",2019
"1836",2019-07-02,-9,7,-2,25089,41655,66744,28,6,2,36,123885,11368,4784,140037,14110,120,14230,15181017,308729,15489746,"juillet","mardi",2019
"1837",2019-07-03,-7,20,13,25082,41675,66757,33,4,4,41,123918,11372,4788,140078,14287,99,14386,15195304,308828,15504132,"juillet","mercredi",2019
"1838",2019-07-04,-44,-65,-109,25038,41610,66648,49,9,7,65,123967,11381,4795,140143,14480,149,14629,15209784,308977,15518761,"juillet","jeudi",2019
"1839",2019-07-05,-14,-8,-22,25024,41602,66626,29,12,1,42,123996,11393,4796,140185,13325,113,13438,15223109,309090,15532199,"juillet","vendredi",2019
"1840",2019-07-06,20,33,53,25044,41635,66679,55,14,3,72,124051,11407,4799,140257,8568,145,8713,15231677,309235,15540912,"juillet","samedi",2019
"1841",2019-07-07,19,23,42,25063,41658,66721,67,4,8,79,124118,11411,4807,140336,7882,159,8041,15239559,309394,15548953,"juillet","dimanche",2019
"1842",2019-07-08,-19,-33,-52,25044,41625,66669,41,13,7,61,124159,11424,4814,140397,12644,139,12783,15252203,309533,15561736,"juillet","lundi",2019
"1843",2019-07-09,-9,-19,-28,25035,41606,66641,45,10,2,57,124204,11434,4816,140454,13842,156,13998,15266045,309689,15575734,"juillet","mardi",2019
"1844",2019-07-10,-5,-7,-12,25030,41599,66629,37,5,5,47,124241,11439,4821,140501,14007,135,14142,15280052,309824,15589876,"juillet","mercredi",2019
"1845",2019-07-11,-97,-113,-210,24933,41486,66419,21,2,3,26,124262,11441,4824,140527,13792,105,13897,15293844,309929,15603773,"juillet","jeudi",2019
"1846",2019-07-12,-33,-9,-42,24900,41477,66377,38,10,6,54,124300,11451,4830,140581,12531,106,12637,15306375,310035,15616410,"juillet","vendredi",2019
"1847",2019-07-13,16,16,32,24916,41493,66409,90,5,1,96,124390,11456,4831,140677,8058,192,8250,15314433,310227,15624660,"juillet","samedi",2019
"1848",2019-07-14,4,23,27,24920,41516,66436,64,3,2,69,124454,11459,4833,140746,7638,181,7819,15322071,310408,15632479,"juillet","dimanche",2019
"1849",2019-07-15,-8,-7,-15,24912,41509,66421,31,2,3,36,124485,11461,4836,140782,12117,68,12185,15334188,310476,15644664,"juillet","lundi",2019
"1850",2019-07-16,-10,7,-3,24902,41516,66418,37,5,4,46,124522,11466,4840,140828,13346,99,13445,15347534,310575,15658109,"juillet","mardi",2019
"1851",2019-07-17,4,-21,-17,24906,41495,66401,35,4,1,40,124557,11470,4841,140868,13831,135,13966,15361365,310710,15672075,"juillet","mercredi",2019
"1852",2019-07-18,-50,-66,-116,24856,41429,66285,39,8,4,51,124596,11478,4845,140919,13917,114,14031,15375282,310824,15686106,"juillet","jeudi",2019
"1853",2019-07-19,-29,-17,-46,24827,41412,66239,43,5,5,53,124639,11483,4850,140972,12398,111,12509,15387680,310935,15698615,"juillet","vendredi",2019
"1854",2019-07-20,9,42,51,24836,41454,66290,79,12,5,96,124718,11495,4855,141068,7642,204,7846,15395322,311139,15706461,"juillet","samedi",2019
"1855",2019-07-21,-7,36,29,24829,41490,66319,38,6,3,47,124756,11501,4858,141115,7049,144,7193,15402371,311283,15713654,"juillet","dimanche",2019
"1856",2019-07-22,-56,-56,-112,24773,41434,66207,49,4,5,58,124805,11505,4863,141173,12110,137,12247,15414481,311420,15725901,"juillet","lundi",2019
"1857",2019-07-23,-18,-18,-36,24755,41416,66171,29,4,0,33,124834,11509,4863,141206,12242,71,12313,15426723,311491,15738214,"juillet","mardi",2019
"1858",2019-07-24,-30,-26,-56,24725,41390,66115,43,4,1,48,124877,11513,4864,141254,13379,95,13474,15440102,311586,15751688,"juillet","mercredi",2019
"1859",2019-07-25,-75,-7,-82,24650,41383,66033,35,7,7,49,124912,11520,4871,141303,13265,114,13379,15453367,311700,15765067,"juillet","jeudi",2019
"1860",2019-07-26,-33,-94,-127,24617,41289,65906,35,9,1,45,124947,11529,4872,141348,12163,115,12278,15465530,311815,15777345,"juillet","vendredi",2019
"1861",2019-07-27,21,29,50,24638,41318,65956,87,11,1,99,125034,11540,4873,141447,7782,204,7986,15473312,312019,15785331,"juillet","samedi",2019
"1862",2019-07-28,5,45,50,24643,41363,66006,66,4,2,72,125100,11544,4875,141519,7213,195,7408,15480525,312214,15792739,"juillet","dimanche",2019
"1863",2019-07-29,-10,-39,-49,24633,41324,65957,26,1,1,28,125126,11545,4876,141547,11815,79,11894,15492340,312293,15804633,"juillet","lundi",2019
"1864",2019-07-30,-19,-9,-28,24614,41315,65929,40,3,1,44,125166,11548,4877,141591,12653,111,12764,15504993,312404,15817397,"juillet","mardi",2019
"1865",2019-07-31,-15,-11,-26,24599,41304,65903,30,2,3,35,125196,11550,4880,141626,12465,75,12540,15517458,312479,15829937,"juillet","mercredi",2019
"1866",2019-08-01,-56,-60,-116,24543,41244,65787,46,8,0,54,125242,11558,4880,141680,12183,123,12306,15529641,312602,15842243,"août","jeudi",2019
"1867",2019-08-02,-7,-17,-24,24536,41227,65763,33,10,2,45,125275,11568,4882,141725,10746,113,10859,15540387,312715,15853102,"août","vendredi",2019
"1868",2019-08-03,8,38,46,24544,41265,65809,79,15,11,105,125354,11583,4893,141830,6807,183,6990,15547194,312898,15860092,"août","samedi",2019
"1869",2019-08-04,20,25,45,24564,41290,65854,84,12,4,100,125438,11595,4897,141930,6350,261,6611,15553544,313159,15866703,"août","dimanche",2019
"1870",2019-08-05,-11,-4,-15,24553,41286,65839,37,10,4,51,125475,11605,4901,141981,9547,187,9734,15563091,313346,15876437,"août","lundi",2019
"1871",2019-08-06,-16,7,-9,24537,41293,65830,35,7,5,47,125510,11612,4906,142028,10500,158,10658,15573591,313504,15887095,"août","mardi",2019
"1872",2019-08-07,2,0,2,24539,41293,65832,60,6,2,68,125570,11618,4908,142096,10754,195,10949,15584345,313699,15898044,"août","mercredi",2019
"1873",2019-08-08,-73,-93,-166,24466,41200,65666,29,2,0,31,125599,11620,4908,142127,10447,90,10537,15594792,313789,15908581,"août","jeudi",2019
"1874",2019-08-09,-24,-22,-46,24442,41178,65620,43,5,2,50,125642,11625,4910,142177,9229,135,9364,15604021,313924,15917945,"août","vendredi",2019
"1875",2019-08-10,-1,12,11,24441,41190,65631,58,8,1,67,125700,11633,4911,142244,6066,137,6203,15610087,314061,15924148,"août","samedi",2019
"1876",2019-08-11,6,31,37,24447,41221,65668,72,6,1,79,125772,11639,4912,142323,5636,186,5822,15615723,314247,15929970,"août","dimanche",2019
"1877",2019-08-12,-1,-26,-27,24446,41195,65641,40,5,2,47,125812,11644,4914,142370,8412,79,8491,15624135,314326,15938461,"août","lundi",2019
"1878",2019-08-13,-17,4,-13,24429,41199,65628,37,1,0,38,125849,11645,4914,142408,8811,84,8895,15632946,314410,15947356,"août","mardi",2019
"1879",2019-08-14,-10,-22,-32,24419,41177,65596,30,2,6,38,125879,11647,4920,142446,8542,72,8614,15641488,314482,15955970,"août","mercredi",2019
"1880",2019-08-15,20,37,57,24439,41214,65653,59,4,8,71,125938,11651,4928,142517,5653,143,5796,15647141,314625,15961766,"août","jeudi",2019
"1881",2019-08-16,10,-2,8,24449,41212,65661,44,4,0,48,125982,11655,4928,142565,6497,130,6627,15653638,314755,15968393,"août","vendredi",2019
"1882",2019-08-17,6,42,48,24455,41254,65709,36,8,4,48,126018,11663,4932,142613,5249,99,5348,15658887,314854,15973741,"août","samedi",2019
"1883",2019-08-18,14,19,33,24469,41273,65742,38,7,1,46,126056,11670,4933,142659,5223,108,5331,15664110,314962,15979072,"août","dimanche",2019
"1884",2019-08-19,-23,-34,-57,24446,41239,65685,33,3,1,37,126089,11673,4934,142696,8659,83,8742,15672769,315045,15987814,"août","lundi",2019
"1885",2019-08-20,-60,-72,-132,24386,41167,65553,30,5,6,41,126119,11678,4940,142737,9296,84,9380,15682065,315129,15997194,"août","mardi",2019
"1886",2019-08-21,-19,-9,-28,24367,41158,65525,45,10,1,56,126164,11688,4941,142793,9654,133,9787,15691719,315262,16006981,"août","mercredi",2019
"1887",2019-08-22,-6,5,-1,24361,41163,65524,45,2,4,51,126209,11690,4945,142844,10008,151,10159,15701727,315413,16017140,"août","jeudi",2019
"1888",2019-08-23,-43,-92,-135,24318,41071,65389,62,12,1,75,126271,11702,4946,142919,9385,174,9559,15711112,315587,16026699,"août","vendredi",2019
"1889",2019-08-24,23,46,69,24341,41117,65458,78,6,2,86,126349,11708,4948,143005,6694,209,6903,15717806,315796,16033602,"août","samedi",2019
"1890",2019-08-25,5,21,26,24346,41138,65484,59,2,7,68,126408,11710,4955,143073,6327,192,6519,15724133,315988,16040121,"août","dimanche",2019
"1891",2019-08-26,-19,-17,-36,24327,41121,65448,20,11,0,31,126428,11721,4955,143104,6415,73,6488,15730548,316061,16046609,"août","lundi",2019
"1892",2019-08-27,7,-34,-27,24334,41087,65421,43,1,4,48,126471,11722,4959,143152,10901,120,11021,15741449,316181,16057630,"août","mardi",2019
"1893",2019-08-28,-25,-29,-54,24309,41058,65367,31,3,6,40,126502,11725,4965,143192,11861,91,11952,15753310,316272,16069582,"août","mercredi",2019
"1894",2019-08-29,-40,-62,-102,24269,40996,65265,41,8,4,53,126543,11733,4969,143245,12460,123,12583,15765770,316395,16082165,"août","jeudi",2019
"1895",2019-08-30,-25,9,-16,24244,41005,65249,29,7,1,37,126572,11740,4970,143282,10259,84,10343,15776029,316479,16092508,"août","vendredi",2019
"1896",2019-08-31,25,40,65,24269,41045,65314,80,7,3,90,126652,11747,4973,143372,8529,233,8762,15784558,316712,16101270,"août","samedi",2019
"1897",2019-09-01,15,58,73,24284,41103,65387,79,3,2,84,126731,11750,4975,143456,8646,173,8819,15793204,316885,16110089,"septembre","dimanche",2019
"1898",2019-09-02,2,7,9,24286,41110,65396,22,3,3,28,126753,11753,4978,143484,13304,86,13390,15806508,316971,16123479,"septembre","lundi",2019
"1899",2019-09-03,9,7,16,24295,41117,65412,29,8,0,37,126782,11761,4978,143521,14695,72,14767,15821203,317043,16138246,"septembre","mardi",2019
"1900",2019-09-04,-19,-3,-22,24276,41114,65390,48,6,5,59,126830,11767,4983,143580,15228,115,15343,15836431,317158,16153589,"septembre","mercredi",2019
"1901",2019-09-05,-41,-67,-108,24235,41047,65282,43,13,5,61,126873,11780,4988,143641,15237,159,15396,15851668,317317,16168985,"septembre","jeudi",2019
"1902",2019-09-06,-9,12,3,24226,41059,65285,43,5,4,52,126916,11785,4992,143693,14175,144,14319,15865843,317461,16183304,"septembre","vendredi",2019
"1903",2019-09-07,23,57,80,24249,41116,65365,75,9,2,86,126991,11794,4994,143779,9778,186,9964,15875621,317647,16193268,"septembre","samedi",2019
"1904",2019-09-08,35,52,87,24284,41168,65452,109,6,7,122,127100,11800,5001,143901,9631,229,9860,15885252,317876,16203128,"septembre","dimanche",2019
"1905",2019-09-09,6,25,31,24290,41193,65483,24,0,1,25,127124,11800,5002,143926,14218,62,14280,15899470,317938,16217408,"septembre","lundi",2019
"1906",2019-09-10,-3,-10,-13,24287,41183,65470,28,1,0,29,127152,11801,5002,143955,14328,55,14383,15913798,317993,16231791,"septembre","mardi",2019
"1907",2019-09-11,-20,-16,-36,24267,41167,65434,23,5,7,35,127175,11806,5009,143990,15715,68,15783,15929513,318061,16247574,"septembre","mercredi",2019
"1908",2019-09-12,-102,-130,-232,24165,41037,65202,31,5,3,39,127206,11811,5012,144029,15695,88,15783,15945208,318149,16263357,"septembre","jeudi",2019
"1909",2019-09-13,-39,-37,-76,24126,41000,65126,14,5,4,23,127220,11816,5016,144052,11415,62,11477,15956623,318211,16274834,"septembre","vendredi",2019
"1910",2019-09-14,12,17,29,24138,41017,65155,26,5,1,32,127246,11821,5017,144084,6296,61,6357,15962919,318272,16281191,"septembre","samedi",2019
"1911",2019-09-15,16,31,47,24154,41048,65202,48,8,1,57,127294,11829,5018,144141,7602,111,7713,15970521,318383,16288904,"septembre","dimanche",2019
"1912",2019-09-16,-16,-35,-51,24138,41013,65151,50,5,3,58,127344,11834,5021,144199,14472,138,14610,15984993,318521,16303514,"septembre","lundi",2019
"1913",2019-09-17,-10,5,-5,24128,41018,65146,41,6,3,50,127385,11840,5024,144249,15317,105,15422,16000310,318626,16318936,"septembre","mardi",2019
"1914",2019-09-18,-33,-2,-35,24095,41016,65111,41,5,5,51,127426,11845,5029,144300,16312,98,16410,16016622,318724,16335346,"septembre","mercredi",2019
"1915",2019-09-19,-84,-114,-198,24011,40902,64913,44,8,3,55,127470,11853,5032,144355,16598,139,16737,16033220,318863,16352083,"septembre","jeudi",2019
"1916",2019-09-20,-18,-14,-32,23993,40888,64881,34,11,3,48,127504,11864,5035,144403,14774,111,14885,16047994,318974,16366968,"septembre","vendredi",2019
"1917",2019-09-21,22,17,39,24015,40905,64920,64,6,1,71,127568,11870,5036,144474,9034,139,9173,16057028,319113,16376141,"septembre","samedi",2019
"1918",2019-09-22,17,61,78,24032,40966,64998,105,6,4,115,127673,11876,5040,144589,10081,223,10304,16067109,319336,16386445,"septembre","dimanche",2019
"1919",2019-09-23,-15,-39,-54,24017,40927,64944,38,11,6,55,127711,11887,5046,144644,14453,104,14557,16081562,319440,16401002,"septembre","lundi",2019
"1920",2019-09-24,-27,-50,-77,23990,40877,64867,53,4,2,59,127764,11891,5048,144703,15596,139,15735,16097158,319579,16416737,"septembre","mardi",2019
"1921",2019-09-25,-15,-16,-31,23975,40861,64836,35,4,2,41,127799,11895,5050,144744,16044,109,16153,16113202,319688,16432890,"septembre","mercredi",2019
"1922",2019-09-26,-109,-620,-729,23866,40241,64107,42,17,5,64,127841,11912,5055,144808,16561,157,16718,16129763,319845,16449608,"septembre","jeudi",2019
"1923",2019-09-27,-17,15,-2,23849,40256,64105,51,7,5,63,127892,11919,5060,144871,16736,158,16894,16146499,320003,16466502,"septembre","vendredi",2019
"1924",2019-09-28,44,59,103,23893,40315,64208,125,13,0,138,128017,11932,5060,145009,11493,331,11824,16157992,320334,16478326,"septembre","samedi",2019
"1925",2019-09-29,36,70,106,23929,40385,64314,129,10,8,147,128146,11942,5068,145156,10889,325,11214,16168881,320659,16489540,"septembre","dimanche",2019
"1926",2019-09-30,-4,-19,-23,23925,40366,64291,40,6,8,54,128186,11948,5076,145210,15084,161,15245,16183965,320820,16504785,"septembre","lundi",2019
"1927",2019-10-01,-28,-16,-44,23897,40350,64247,40,2,7,49,128226,11950,5083,145259,16413,159,16572,16200378,320979,16521357,"octobre","mardi",2019
"1928",2019-10-02,-36,-33,-69,23861,40317,64178,41,6,1,48,128267,11956,5084,145307,16302,110,16412,16216680,321089,16537769,"octobre","mercredi",2019
"1929",2019-10-03,-81,-141,-222,23780,40176,63956,28,5,3,36,128295,11961,5087,145343,16987,107,17094,16233667,321196,16554863,"octobre","jeudi",2019
"1930",2019-10-04,-15,-9,-24,23765,40167,63932,66,16,2,84,128361,11977,5089,145427,16433,197,16630,16250100,321393,16571493,"octobre","vendredi",2019
"1931",2019-10-05,40,40,80,23805,40207,64012,105,16,2,123,128466,11993,5091,145550,11905,263,12168,16262005,321656,16583661,"octobre","samedi",2019
"1932",2019-10-06,42,69,111,23847,40276,64123,148,7,4,159,128614,12000,5095,145709,11403,346,11749,16273408,322002,16595410,"octobre","dimanche",2019
"1933",2019-10-07,18,-12,6,23865,40264,64129,46,7,6,59,128660,12007,5101,145768,15079,163,15242,16288487,322165,16610652,"octobre","lundi",2019
"1934",2019-10-08,-8,-47,-55,23857,40217,64074,27,4,3,34,128687,12011,5104,145802,16589,107,16696,16305076,322272,16627348,"octobre","mardi",2019
"1935",2019-10-09,-25,8,-17,23832,40225,64057,37,3,0,40,128724,12014,5104,145842,16803,95,16898,16321879,322367,16644246,"octobre","mercredi",2019
"1936",2019-10-10,-71,-93,-164,23761,40132,63893,25,7,3,35,128749,12021,5107,145877,17054,92,17146,16338933,322459,16661392,"octobre","jeudi",2019
"1937",2019-10-11,-9,-4,-13,23752,40128,63880,65,19,4,88,128814,12040,5111,145965,16651,174,16825,16355584,322633,16678217,"octobre","vendredi",2019
"1938",2019-10-12,20,58,78,23772,40186,63958,110,22,3,135,128924,12062,5114,146100,10330,330,10660,16365914,322963,16688877,"octobre","samedi",2019
"1939",2019-10-13,29,39,68,23801,40225,64026,104,6,1,111,129028,12068,5115,146211,10399,288,10687,16376313,323251,16699564,"octobre","dimanche",2019
"1940",2019-10-14,-24,-59,-83,23777,40166,63943,26,3,1,30,129054,12071,5116,146241,10791,76,10867,16387104,323327,16710431,"octobre","lundi",2019
"1941",2019-10-15,-31,-40,-71,23746,40126,63872,33,9,0,42,129087,12080,5116,146283,14335,122,14457,16401439,323449,16724888,"octobre","mardi",2019
"1942",2019-10-16,-28,-11,-39,23718,40115,63833,26,3,4,33,129113,12083,5120,146316,14963,81,15044,16416402,323530,16739932,"octobre","mercredi",2019
"1943",2019-10-17,-75,-115,-190,23643,40000,63643,21,4,2,27,129134,12087,5122,146343,12624,67,12691,16429026,323597,16752623,"octobre","jeudi",2019
"1944",2019-10-18,-13,-25,-38,23630,39975,63605,21,3,2,26,129155,12090,5124,146369,13985,69,14054,16443011,323666,16766677,"octobre","vendredi",2019
"1945",2019-10-19,22,22,44,23652,39997,63649,80,8,5,93,129235,12098,5129,146462,9535,162,9697,16452546,323828,16776374,"octobre","samedi",2019
"1946",2019-10-20,18,21,39,23670,40018,63688,43,5,0,48,129278,12103,5129,146510,7296,94,7390,16459842,323922,16783764,"octobre","dimanche",2019
"1947",2019-10-21,-10,-12,-22,23660,40006,63666,39,1,8,48,129317,12104,5137,146558,13178,94,13272,16473020,324016,16797036,"octobre","lundi",2019
"1948",2019-10-22,-17,-32,-49,23643,39974,63617,9,3,2,14,129326,12107,5139,146572,9351,47,9398,16482371,324063,16806434,"octobre","mardi",2019
"1949",2019-10-23,-20,-37,-57,23623,39937,63560,10,1,1,12,129336,12108,5140,146584,9503,26,9529,16491874,324089,16815963,"octobre","mercredi",2019
"1950",2019-10-24,-60,-129,-189,23563,39808,63371,32,8,5,45,129368,12116,5145,146629,14196,103,14299,16506070,324192,16830262,"octobre","jeudi",2019
"1951",2019-10-25,-6,-2,-8,23557,39806,63363,52,6,0,58,129420,12122,5145,146687,14557,184,14741,16520627,324376,16845003,"octobre","vendredi",2019
"1952",2019-10-26,8,30,38,23565,39836,63401,118,8,1,127,129538,12130,5146,146814,10766,267,11033,16531393,324643,16856036,"octobre","samedi",2019
"1953",2019-10-27,33,20,53,23598,39856,63454,109,1,5,115,129647,12131,5151,146929,9611,195,9806,16541004,324838,16865842,"octobre","dimanche",2019
"1954",2019-10-28,-12,-1,-13,23586,39855,63441,51,8,1,60,129698,12139,5152,146989,13690,101,13791,16554694,324939,16879633,"octobre","lundi",2019
"1955",2019-10-29,-4,-16,-20,23582,39839,63421,17,9,2,28,129715,12148,5154,147017,14628,83,14711,16569322,325022,16894344,"octobre","mardi",2019
"1956",2019-10-30,-10,-4,-14,23572,39835,63407,20,3,0,23,129735,12151,5154,147040,14472,89,14561,16583794,325111,16908905,"octobre","mercredi",2019
"1957",2019-10-31,-47,-35,-82,23525,39800,63325,41,3,7,51,129776,12154,5161,147091,14166,131,14297,16597960,325242,16923202,"octobre","jeudi",2019
"1958",2019-11-01,19,51,70,23544,39851,63395,110,17,3,130,129886,12171,5164,147221,8313,259,8572,16606273,325501,16931774,"novembre","vendredi",2019
"1959",2019-11-02,34,33,67,23578,39884,63462,136,7,1,144,130022,12178,5165,147365,8203,299,8502,16614476,325800,16940276,"novembre","samedi",2019
"1960",2019-11-03,15,43,58,23593,39927,63520,72,1,2,75,130094,12179,5167,147440,7676,153,7829,16622152,325953,16948105,"novembre","dimanche",2019
"1961",2019-11-04,-32,-59,-91,23561,39868,63429,21,4,5,30,130115,12183,5172,147470,10816,60,10876,16632968,326013,16958981,"novembre","lundi",2019
"1962",2019-11-05,-15,-23,-38,23546,39845,63391,12,10,0,22,130127,12193,5172,147492,11343,49,11392,16644311,326062,16970373,"novembre","mardi",2019
"1963",2019-11-06,-5,-16,-21,23541,39829,63370,19,3,2,24,130146,12196,5174,147516,13589,53,13642,16657900,326115,16984015,"novembre","mercredi",2019
"1964",2019-11-07,-5,-4,-9,23536,39825,63361,18,3,0,21,130164,12199,5174,147537,12483,62,12545,16670383,326177,16996560,"novembre","jeudi",2019
"1965",2019-11-08,-43,-59,-102,23493,39766,63259,38,7,1,46,130202,12206,5175,147583,12799,85,12884,16683182,326262,17009444,"novembre","vendredi",2019
"1966",2019-11-09,6,10,16,23499,39776,63275,56,5,3,64,130258,12211,5178,147647,7016,124,7140,16690198,326386,17016584,"novembre","samedi",2019
"1967",2019-11-10,-17,27,10,23482,39803,63285,64,5,2,71,130322,12216,5180,147718,7631,161,7792,16697829,326547,17024376,"novembre","dimanche",2019
"1968",2019-11-11,-14,-4,-18,23468,39799,63267,27,0,2,29,130349,12216,5182,147747,11699,68,11767,16709528,326615,17036143,"novembre","lundi",2019
"1969",2019-11-12,-35,10,-25,23433,39809,63242,13,1,0,14,130362,12217,5182,147761,12291,41,12332,16721819,326656,17048475,"novembre","mardi",2019
"1970",2019-11-13,-5,-14,-19,23428,39795,63223,13,5,0,18,130375,12222,5182,147779,12585,59,12644,16734404,326715,17061119,"novembre","mercredi",2019
"1971",2019-11-14,-93,-93,-186,23335,39702,63037,15,0,2,17,130390,12222,5184,147796,10620,71,10691,16745024,326786,17071810,"novembre","jeudi",2019
"1972",2019-11-15,-2,-6,-8,23333,39696,63029,9,0,4,13,130399,12222,5188,147809,12016,32,12048,16757040,326818,17083858,"novembre","vendredi",2019
"1973",2019-11-16,7,11,18,23340,39707,63047,65,6,0,71,130464,12228,5188,147880,8483,121,8604,16765523,326939,17092462,"novembre","samedi",2019
"1974",2019-11-17,5,15,20,23345,39722,63067,32,3,1,36,130496,12231,5189,147916,5688,77,5765,16771211,327016,17098227,"novembre","dimanche",2019
"1975",2019-11-18,-3,8,5,23342,39730,63072,17,1,2,20,130513,12232,5191,147936,11263,39,11302,16782474,327055,17109529,"novembre","lundi",2019
"1976",2019-11-19,-1,-39,-40,23341,39691,63032,11,1,1,13,130524,12233,5192,147949,11777,31,11808,16794251,327086,17121337,"novembre","mardi",2019
"1977",2019-11-20,-16,-2,-18,23325,39689,63014,2,1,0,3,130526,12234,5192,147952,8186,10,8196,16802437,327096,17129533,"novembre","mercredi",2019
"1978",2019-11-21,-72,-34,-106,23253,39655,62908,10,0,1,11,130536,12234,5193,147963,9639,21,9660,16812076,327117,17139193,"novembre","jeudi",2019
"1979",2019-11-22,-20,-33,-53,23233,39622,62855,7,1,0,8,130543,12235,5193,147971,6469,10,6479,16818545,327127,17145672,"novembre","vendredi",2019
"1980",2019-11-23,4,21,25,23237,39643,62880,47,9,2,58,130590,12244,5195,148029,8035,102,8137,16826580,327229,17153809,"novembre","samedi",2019
"1981",2019-11-24,8,10,18,23245,39653,62898,55,1,1,57,130645,12245,5196,148086,7469,135,7604,16834049,327364,17161413,"novembre","dimanche",2019
"1982",2019-11-25,2,-9,-7,23247,39644,62891,31,0,0,31,130676,12245,5196,148117,11710,68,11778,16845759,327432,17173191,"novembre","lundi",2019
"1983",2019-11-26,-2,-12,-14,23245,39632,62877,28,0,1,29,130704,12245,5197,148146,9535,38,9573,16855294,327470,17182764,"novembre","mardi",2019
"1984",2019-11-27,-16,27,11,23229,39659,62888,22,2,4,28,130726,12247,5201,148174,12437,58,12495,16867731,327528,17195259,"novembre","mercredi",2019
"1985",2019-11-28,-34,-79,-113,23195,39580,62775,19,4,3,26,130745,12251,5204,148200,12336,47,12383,16880067,327575,17207642,"novembre","jeudi",2019
"1986",2019-11-29,-5,-19,-24,23190,39561,62751,19,3,0,22,130764,12254,5204,148222,11597,38,11635,16891664,327613,17219277,"novembre","vendredi",2019
"1987",2019-11-30,6,33,39,23196,39594,62790,57,4,1,62,130821,12258,5205,148284,8064,88,8152,16899728,327701,17227429,"novembre","samedi",2019
"1988",2019-12-01,3,10,13,23199,39604,62803,10,0,0,10,130831,12258,5205,148294,3259,20,3279,16902987,327721,17230708,"décembre","dimanche",2019
"1989",2019-12-02,5,-9,-4,23204,39595,62799,24,4,5,33,130855,12262,5210,148327,10630,73,10703,16913617,327794,17241411,"décembre","lundi",2019
"1990",2019-12-03,-7,-2,-9,23197,39593,62790,10,0,3,13,130865,12262,5213,148340,11677,40,11717,16925294,327834,17253128,"décembre","mardi",2019
"1991",2019-12-04,-4,5,1,23193,39598,62791,4,0,1,5,130869,12262,5214,148345,8406,19,8425,16933700,327853,17261553,"décembre","mercredi",2019
"1992",2019-12-05,-26,-67,-93,23167,39531,62698,17,8,0,25,130886,12270,5214,148370,11623,37,11660,16945323,327890,17273213,"décembre","jeudi",2019
"1993",2019-12-06,3,30,33,23170,39561,62731,42,9,3,54,130928,12279,5217,148424,7037,108,7145,16952360,327998,17280358,"décembre","vendredi",2019
"1994",2019-12-07,16,17,33,23186,39578,62764,65,6,3,74,130993,12285,5220,148498,6646,181,6827,16959006,328179,17287185,"décembre","samedi",2019
"1995",2019-12-08,13,10,23,23199,39588,62787,20,0,2,22,131013,12285,5222,148520,4527,53,4580,16963533,328232,17291765,"décembre","dimanche",2019
"1996",2019-12-09,6,20,26,23205,39608,62813,31,3,2,36,131044,12288,5224,148556,5813,64,5877,16969346,328296,17297642,"décembre","lundi",2019
"1997",2019-12-10,-2,-3,-5,23203,39605,62808,9,0,2,11,131053,12288,5226,148567,10547,29,10576,16979893,328325,17308218,"décembre","mardi",2019
"1998",2019-12-11,0,-8,-8,23203,39597,62800,1,0,1,2,131054,12288,5227,148569,10406,12,10418,16990299,328337,17318636,"décembre","mercredi",2019
"1999",2019-12-12,-9,-10,-19,23194,39587,62781,0,0,0,0,131054,12288,5227,148569,7730,6,7736,16998029,328343,17326372,"décembre","jeudi",2019
"2000",2019-12-13,-7,-29,-36,23187,39558,62745,0,0,0,0,131054,12288,5227,148569,10828,6,10834,17008857,328349,17337206,"décembre","vendredi",2019
"2001",2019-12-14,4,-3,1,23191,39555,62746,0,0,0,0,131054,12288,5227,148569,7969,3,7972,17016826,328352,17345178,"décembre","samedi",2019
"2002",2019-12-15,0,-12,-12,23191,39543,62734,0,0,0,0,131054,12288,5227,148569,6714,1,6715,17023540,328353,17351893,"décembre","dimanche",2019
"2003",2019-12-16,-32,-83,-115,23159,39460,62619,0,0,0,0,131054,12288,5227,148569,9848,0,9848,17033388,328353,17361741,"décembre","lundi",2019
"2004",2019-12-17,-16,-35,-51,23143,39425,62568,0,0,0,0,131054,12288,5227,148569,8865,0,8865,17042253,328353,17370606,"décembre","mardi",2019
"2005",2019-12-18,-16,-23,-39,23127,39402,62529,0,0,0,0,131054,12288,5227,148569,10070,1,10071,17052323,328354,17380677,"décembre","mercredi",2019
"2006",2019-12-19,-8,-20,-28,23119,39382,62501,0,0,0,0,131054,12288,5227,148569,5662,0,5662,17057985,328354,17386339,"décembre","jeudi",2019
"2007",2019-12-20,-48,-64,-112,23071,39318,62389,0,0,0,0,131054,12288,5227,148569,5624,0,5624,17063609,328354,17391963,"décembre","vendredi",2019
"2008",2019-12-21,2,-86,-84,23073,39232,62305,0,0,0,0,131054,12288,5227,148569,5353,0,5353,17068962,328354,17397316,"décembre","samedi",2019
"2009",2019-12-22,3,-6,-3,23076,39226,62302,0,0,0,0,131054,12288,5227,148569,4891,0,4891,17073853,328354,17402207,"décembre","dimanche",2019
"2010",2019-12-23,-7,-38,-45,23069,39188,62257,0,0,0,0,131054,12288,5227,148569,6108,0,6108,17079961,328354,17408315,"décembre","lundi",2019
"2011",2019-12-24,-6,2,-4,23063,39190,62253,0,0,0,0,131054,12288,5227,148569,4067,0,4067,17084028,328354,17412382,"décembre","mardi",2019
"2012",2019-12-25,4,7,11,23067,39197,62264,0,0,0,0,131054,12288,5227,148569,2483,0,2483,17086511,328354,17414865,"décembre","mercredi",2019
"2013",2019-12-26,-11,6,-5,23056,39203,62259,0,0,0,0,131054,12288,5227,148569,5904,0,5904,17092415,328354,17420769,"décembre","jeudi",2019
"2014",2019-12-27,-21,-36,-57,23035,39167,62202,0,0,0,0,131054,12288,5227,148569,6387,0,6387,17098802,328354,17427156,"décembre","vendredi",2019
"2015",2019-12-28,5,5,10,23040,39172,62212,0,0,0,0,131054,12288,5227,148569,5058,0,5058,17103860,328354,17432214,"décembre","samedi",2019
"2016",2019-12-29,1,14,15,23041,39186,62227,0,0,0,0,131054,12288,5227,148569,4616,0,4616,17108476,328354,17436830,"décembre","dimanche",2019
"2017",2019-12-30,-12,-1,-13,23029,39185,62214,1,0,0,1,131055,12288,5227,148570,5772,0,5772,17114248,328354,17442602,"décembre","lundi",2019
"2018",2019-12-31,-13,-16,-29,23016,39169,62185,0,0,0,0,131055,12288,5227,148570,5270,0,5270,17119518,328354,17447872,"décembre","mardi",2019
"2019",2020-01-01,-2,24,22,23014,39193,62207,0,0,0,0,131055,12288,5227,148570,3215,0,3215,17122733,328354,17451087,"janvier","mercredi",2020
"2020",2020-01-02,-7,-28,-35,23007,39165,62172,1,0,0,1,131056,12288,5227,148571,5911,0,5911,17128644,328354,17456998,"janvier","jeudi",2020
"2021",2020-01-03,-8,12,4,22999,39177,62176,1,0,0,1,131057,12288,5227,148572,6180,0,6180,17134824,328354,17463178,"janvier","vendredi",2020
"2022",2020-01-04,3,32,35,23002,39209,62211,0,0,0,0,131057,12288,5227,148572,5502,0,5502,17140326,328354,17468680,"janvier","samedi",2020
"2023",2020-01-05,4,33,37,23006,39242,62248,0,0,0,0,131057,12288,5227,148572,5389,1,5390,17145715,328355,17474070,"janvier","dimanche",2020
"2024",2020-01-06,21,23,44,23027,39265,62292,0,0,0,0,131057,12288,5227,148572,4043,1,4044,17149758,328356,17478114,"janvier","lundi",2020
"2025",2020-01-07,-18,-23,-41,23009,39242,62251,1,0,0,1,131058,12288,5227,148573,8832,0,8832,17158590,328356,17486946,"janvier","mardi",2020
"2026",2020-01-08,8,7,15,23017,39249,62266,1,0,0,1,131059,12288,5227,148574,10315,2,10317,17168905,328358,17497263,"janvier","mercredi",2020
"2027",2020-01-09,11,3,14,23028,39252,62280,1,0,0,1,131060,12288,5227,148575,10623,1,10624,17179528,328359,17507887,"janvier","jeudi",2020
"2028",2020-01-10,11,-1,10,23039,39251,62290,5,0,1,6,131065,12288,5228,148581,10786,5,10791,17190314,328364,17518678,"janvier","vendredi",2020
"2029",2020-01-11,15,32,47,23054,39283,62337,22,0,1,23,131087,12288,5229,148604,7407,32,7439,17197721,328396,17526117,"janvier","samedi",2020
"2030",2020-01-12,12,39,51,23066,39322,62388,12,1,3,16,131099,12289,5232,148620,6493,31,6524,17204214,328427,17532641,"janvier","dimanche",2020
"2031",2020-01-13,-16,26,10,23050,39348,62398,8,0,1,9,131107,12289,5233,148629,9580,16,9596,17213794,328443,17542237,"janvier","lundi",2020
"2032",2020-01-14,-9,-63,-72,23041,39285,62326,7,1,0,8,131114,12290,5233,148637,10268,12,10280,17224062,328455,17552517,"janvier","mardi",2020
"2033",2020-01-15,-14,-26,-40,23027,39259,62286,16,0,1,17,131130,12290,5234,148654,10409,32,10441,17234471,328487,17562958,"janvier","mercredi",2020
"2034",2020-01-16,2,22,24,23029,39281,62310,14,6,2,22,131144,12296,5236,148676,11278,37,11315,17245749,328524,17574273,"janvier","jeudi",2020
"2035",2020-01-17,-18,-20,-38,23011,39261,62272,26,3,3,32,131170,12299,5239,148708,11215,63,11278,17256964,328587,17585551,"janvier","vendredi",2020
"2036",2020-01-18,8,-29,-21,23019,39232,62251,21,1,1,23,131191,12300,5240,148731,5174,43,5217,17262138,328630,17590768,"janvier","samedi",2020
"2037",2020-01-19,5,-31,-26,23024,39201,62225,21,0,0,21,131212,12300,5240,148752,5794,48,5842,17267932,328678,17596610,"janvier","dimanche",2020
"2038",2020-01-20,-9,2,-7,23015,39203,62218,7,3,1,11,131219,12303,5241,148763,7814,17,7831,17275746,328695,17604441,"janvier","lundi",2020
"2039",2020-01-21,-2,-10,-12,23013,39193,62206,0,0,2,2,131219,12303,5243,148765,6611,11,6622,17282357,328706,17611063,"janvier","mardi",2020
"2040",2020-01-22,-8,2,-6,23005,39195,62200,7,0,0,7,131226,12303,5243,148772,8339,24,8363,17290696,328730,17619426,"janvier","mercredi",2020
"2041",2020-01-23,-33,-20,-53,22972,39175,62147,23,1,3,27,131249,12304,5246,148799,10504,47,10551,17301200,328777,17629977,"janvier","jeudi",2020
"2042",2020-01-24,9,-43,-34,22981,39132,62113,11,2,0,13,131260,12306,5246,148812,7866,17,7883,17309066,328794,17637860,"janvier","vendredi",2020
"2043",2020-01-25,2,7,9,22983,39139,62122,10,3,1,14,131270,12309,5247,148826,4533,20,4553,17313599,328814,17642413,"janvier","samedi",2020
"2044",2020-01-26,13,15,28,22996,39154,62150,28,2,2,32,131298,12311,5249,148858,6467,67,6534,17320066,328881,17648947,"janvier","dimanche",2020
"2045",2020-01-27,-2,-9,-11,22994,39145,62139,5,0,1,6,131303,12311,5250,148864,8493,10,8503,17328559,328891,17657450,"janvier","lundi",2020
"2046",2020-01-28,3,-32,-29,22997,39113,62110,5,0,0,5,131308,12311,5250,148869,10012,12,10024,17338571,328903,17667474,"janvier","mardi",2020
"2047",2020-01-29,2,-10,-8,22999,39103,62102,10,5,1,16,131318,12316,5251,148885,11183,21,11204,17349754,328924,17678678,"janvier","mercredi",2020
"2048",2020-01-30,-11,-32,-43,22988,39071,62059,8,1,0,9,131326,12317,5251,148894,11008,31,11039,17360762,328955,17689717,"janvier","jeudi",2020
"2049",2020-01-31,0,11,11,22988,39082,62070,28,8,0,36,131354,12325,5251,148930,11585,72,11657,17372347,329027,17701374,"janvier","vendredi",2020
"2050",2020-02-01,16,43,59,23004,39125,62129,72,2,3,77,131426,12327,5254,149007,8166,141,8307,17380513,329168,17709681,"février","samedi",2020
"2051",2020-02-02,10,36,46,23014,39161,62175,36,1,2,39,131462,12328,5256,149046,6866,73,6939,17387379,329241,17716620,"février","dimanche",2020
"2052",2020-02-03,13,13,26,23027,39174,62201,27,3,1,31,131489,12331,5257,149077,11448,75,11523,17398827,329316,17728143,"février","lundi",2020
"2053",2020-02-04,-2,-3,-5,23025,39171,62196,18,6,1,25,131507,12337,5258,149102,12311,57,12368,17411138,329373,17740511,"février","mardi",2020
"2054",2020-02-05,-17,25,8,23008,39196,62204,18,0,1,19,131525,12337,5259,149121,12364,40,12404,17423502,329413,17752915,"février","mercredi",2020
"2055",2020-02-06,-15,26,11,22993,39222,62215,25,2,2,29,131550,12339,5261,149150,11898,70,11968,17435400,329483,17764883,"février","jeudi",2020
"2056",2020-02-07,-9,-82,-91,22984,39140,62124,20,4,0,24,131570,12343,5261,149174,12031,51,12082,17447431,329534,17776965,"février","vendredi",2020
"2057",2020-02-08,12,40,52,22996,39180,62176,34,9,1,44,131604,12352,5262,149218,7528,76,7604,17454959,329610,17784569,"février","samedi",2020
"2058",2020-02-09,18,42,60,23014,39222,62236,49,4,1,54,131653,12356,5263,149272,6903,120,7023,17461862,329730,17791592,"février","dimanche",2020
"2059",2020-02-10,-6,20,14,23008,39242,62250,27,0,2,29,131680,12356,5265,149301,11402,53,11455,17473264,329783,17803047,"février","lundi",2020
"2060",2020-02-11,-12,14,2,22996,39256,62252,13,0,1,14,131693,12356,5266,149315,11842,28,11870,17485106,329811,17814917,"février","mardi",2020
"2061",2020-02-12,-8,1,-7,22988,39257,62245,6,8,0,14,131699,12364,5266,149329,12087,36,12123,17497193,329847,17827040,"février","mercredi",2020
"2062",2020-02-13,-8,-13,-21,22980,39244,62224,13,1,2,16,131712,12365,5268,149345,12551,55,12606,17509744,329902,17839646,"février","jeudi",2020
"2063",2020-02-14,0,4,4,22980,39248,62228,38,3,3,44,131750,12368,5271,149389,12499,110,12609,17522243,330012,17852255,"février","vendredi",2020
"2064",2020-02-15,4,46,50,22984,39294,62278,105,12,1,118,131855,12380,5272,149507,8574,166,8740,17530817,330178,17860995,"février","samedi",2020
"2065",2020-02-16,5,47,52,22989,39341,62330,84,3,0,87,131939,12383,5272,149594,8192,162,8354,17539009,330340,17869349,"février","dimanche",2020
"2066",2020-02-17,10,7,17,22999,39348,62347,22,3,0,25,131961,12386,5272,149619,11231,57,11288,17550240,330397,17880637,"février","lundi",2020
"2067",2020-02-18,10,-3,7,23009,39345,62354,18,1,0,19,131979,12387,5272,149638,12175,43,12218,17562415,330440,17892855,"février","mardi",2020
"2068",2020-02-19,-7,3,-4,23002,39348,62350,33,5,1,39,132012,12392,5273,149677,12898,53,12951,17575313,330493,17905806,"février","mercredi",2020
"2069",2020-02-20,-15,13,-2,22987,39361,62348,22,0,1,23,132034,12392,5274,149700,13036,54,13090,17588349,330547,17918896,"février","jeudi",2020
"2070",2020-02-21,1,-30,-29,22988,39331,62319,28,5,2,35,132062,12397,5276,149735,12789,64,12853,17601138,330611,17931749,"février","vendredi",2020
"2071",2020-02-22,11,56,67,22999,39387,62386,123,8,2,133,132185,12405,5278,149868,9038,218,9256,17610176,330829,17941005,"février","samedi",2020
"2072",2020-02-23,22,42,64,23021,39429,62450,97,12,0,109,132282,12417,5278,149977,8298,226,8524,17618474,331055,17949529,"février","dimanche",2020
"2073",2020-02-24,1,8,9,23022,39437,62459,40,2,0,42,132322,12419,5278,150019,12176,85,12261,17630650,331140,17961790,"février","lundi",2020
"2074",2020-02-25,11,11,22,23033,39448,62481,25,4,0,29,132347,12423,5278,150048,12645,62,12707,17643295,331202,17974497,"février","mardi",2020
"2075",2020-02-26,-8,10,2,23025,39458,62483,27,2,2,31,132374,12425,5280,150079,13132,70,13202,17656427,331272,17987699,"février","mercredi",2020
"2076",2020-02-27,-24,-41,-65,23001,39417,62418,45,6,3,54,132419,12431,5283,150133,13169,109,13278,17669596,331381,18000977,"février","jeudi",2020
"2077",2020-02-28,1,-1,0,23002,39416,62418,40,13,0,53,132459,12444,5283,150186,12508,117,12625,17682104,331498,18013602,"février","vendredi",2020
"2078",2020-02-29,16,32,48,23018,39448,62466,64,8,0,72,132523,12452,5283,150258,7732,130,7862,17689836,331628,18021464,"février","samedi",2020
"2079",2020-03-01,5,39,44,23023,39487,62510,52,2,1,55,132575,12454,5284,150313,6325,134,6459,17696161,331762,18027923,"mars","dimanche",2020
"2080",2020-03-02,-17,-17,-34,23006,39470,62476,11,0,1,12,132586,12454,5285,150325,9025,50,9075,17705186,331812,18036998,"mars","lundi",2020
"2081",2020-03-03,-3,16,13,23003,39486,62489,15,3,0,18,132601,12457,5285,150343,11502,34,11536,17716688,331846,18048534,"mars","mardi",2020
"2082",2020-03-04,-14,-19,-33,22989,39467,62456,16,2,0,18,132617,12459,5285,150361,13020,43,13063,17729708,331889,18061597,"mars","mercredi",2020
"2083",2020-03-05,-43,-108,-151,22946,39359,62305,15,2,2,19,132632,12461,5287,150380,12380,43,12423,17742088,331932,18074020,"mars","jeudi",2020
"2084",2020-03-06,-8,-2,-10,22938,39357,62295,20,5,2,27,132652,12466,5289,150407,11931,59,11990,17754019,331991,18086010,"mars","vendredi",2020
"2085",2020-03-07,16,25,41,22954,39382,62336,86,2,2,90,132738,12468,5291,150497,8490,143,8633,17762509,332134,18094643,"mars","samedi",2020
"2086",2020-03-08,10,33,43,22964,39415,62379,64,4,2,70,132802,12472,5293,150567,8010,164,8174,17770519,332298,18102817,"mars","dimanche",2020
"2087",2020-03-09,2,-10,-8,22966,39405,62371,18,2,2,22,132820,12474,5295,150589,11806,53,11859,17782325,332351,18114676,"mars","lundi",2020
"2088",2020-03-10,20,18,38,22986,39423,62409,20,2,3,25,132840,12476,5298,150614,12629,43,12672,17794954,332394,18127348,"mars","mardi",2020
"2089",2020-03-11,20,10,30,23006,39433,62439,24,5,1,30,132864,12481,5299,150644,11479,60,11539,17806433,332454,18138887,"mars","mercredi",2020
"2090",2020-03-12,-22,-12,-34,22984,39421,62405,21,2,1,24,132885,12483,5300,150668,9380,60,9440,17815813,332514,18148327,"mars","jeudi",2020
"2091",2020-03-13,-1,-18,-19,22983,39403,62386,15,3,1,19,132900,12486,5301,150687,7129,54,7183,17822942,332568,18155510,"mars","vendredi",2020
"2092",2020-03-14,9,32,41,22992,39435,62427,38,0,0,38,132938,12486,5301,150725,2516,61,2577,17825458,332629,18158087,"mars","samedi",2020
"2093",2020-03-15,7,-1,6,22999,39434,62433,3,0,0,3,132941,12486,5301,150728,968,14,982,17826426,332643,18159069,"mars","dimanche",2020
"2094",2020-03-16,8,-6,2,23007,39428,62435,0,0,0,0,132941,12486,5301,150728,0,0,0,17826426,332643,18159069,"mars","lundi",2020
"2095",2020-03-17,6,-3,3,23013,39425,62438,0,0,0,0,132941,12486,5301,150728,0,0,0,17826426,332643,18159069,"mars","mardi",2020
"2096",2020-03-18,11,-10,1,23024,39415,62439,0,0,0,0,132941,12486,5301,150728,0,0,0,17826426,332643,18159069,"mars","mercredi",2020
"2097",2020-03-19,5,-5,0,23029,39410,62439,0,0,0,0,132941,12486,5301,150728,0,0,0,17826426,332643,18159069,"mars","jeudi",2020
"2098",2020-03-20,3,3,6,23032,39413,62445,0,0,0,0,132941,12486,5301,150728,0,0,0,17826426,332643,18159069,"mars","vendredi",2020
"2099",2020-03-21,9,-8,1,23041,39405,62446,0,0,0,0,132941,12486,5301,150728,0,0,0,17826426,332643,18159069,"mars","samedi",2020
"2100",2020-03-22,3,-5,-2,23044,39400,62444,0,0,0,0,132941,12486,5301,150728,0,0,0,17826426,332643,18159069,"mars","dimanche",2020
"2101",2020-03-23,5,-1,4,23049,39399,62448,0,0,0,0,132941,12486,5301,150728,0,0,0,17826426,332643,18159069,"mars","lundi",2020
"2102",2020-03-24,11,-7,4,23060,39392,62452,0,0,0,0,132941,12486,5301,150728,0,0,0,17826426,332643,18159069,"mars","mardi",2020
"2103",2020-03-25,17,-15,2,23077,39377,62454,0,0,0,0,132941,12486,5301,150728,0,0,0,17826426,332643,18159069,"mars","mercredi",2020
"2104",2020-03-26,5,-7,-2,23082,39370,62452,0,0,0,0,132941,12486,5301,150728,0,0,0,17826426,332643,18159069,"mars","jeudi",2020
"2105",2020-03-27,-9,-9,-18,23073,39361,62434,0,0,0,0,132941,12486,5301,150728,0,0,0,17826426,332643,18159069,"mars","vendredi",2020
"2106",2020-03-28,1,5,6,23074,39366,62440,0,0,0,0,132941,12486,5301,150728,0,0,0,17826426,332643,18159069,"mars","samedi",2020
"2107",2020-03-29,0,5,5,23074,39371,62445,0,0,0,0,132941,12486,5301,150728,0,0,0,17826426,332643,18159069,"mars","dimanche",2020
"2108",2020-03-30,-1,1,0,23073,39372,62445,0,0,0,0,132941,12486,5301,150728,0,0,0,17826426,332643,18159069,"mars","lundi",2020
"2109",2020-03-31,-3,3,0,23070,39375,62445,0,0,0,0,132941,12486,5301,150728,0,0,0,17826426,332643,18159069,"mars","mardi",2020
"2110",2020-04-01,2,4,6,23072,39379,62451,0,0,0,0,132941,12486,5301,150728,0,0,0,17826426,332643,18159069,"avril","mercredi",2020
"2111",2020-04-02,0,-44,-44,23072,39335,62407,0,0,0,0,132941,12486,5301,150728,0,0,0,17826426,332643,18159069,"avril","jeudi",2020
"2112",2020-04-03,-7,-22,-29,23065,39313,62378,0,0,0,0,132941,12486,5301,150728,0,0,0,17826426,332643,18159069,"avril","vendredi",2020
"2113",2020-04-04,2,2,4,23067,39315,62382,0,0,0,0,132941,12486,5301,150728,0,0,0,17826426,332643,18159069,"avril","samedi",2020
"2114",2020-04-05,2,2,4,23069,39317,62386,0,0,0,0,132941,12486,5301,150728,0,0,0,17826426,332643,18159069,"avril","dimanche",2020
"2115",2020-04-06,-5,1,-4,23064,39318,62382,0,0,0,0,132941,12486,5301,150728,0,0,0,17826426,332643,18159069,"avril","lundi",2020
"2116",2020-04-07,4,-9,-5,23068,39309,62377,0,0,0,0,132941,12486,5301,150728,0,0,0,17826426,332643,18159069,"avril","mardi",2020
"2117",2020-04-08,1,-2,-1,23069,39307,62376,0,0,0,0,132941,12486,5301,150728,0,0,0,17826426,332643,18159069,"avril","mercredi",2020
"2118",2020-04-09,1,1,2,23070,39308,62378,0,0,0,0,132941,12486,5301,150728,0,0,0,17826426,332643,18159069,"avril","jeudi",2020
"2119",2020-04-10,-1,-1,-2,23069,39307,62376,0,0,0,0,132941,12486,5301,150728,0,0,0,17826426,332643,18159069,"avril","vendredi",2020
"2120",2020-04-11,-3,9,6,23066,39316,62382,0,0,0,0,132941,12486,5301,150728,0,0,0,17826426,332643,18159069,"avril","samedi",2020
"2121",2020-04-12,-1,10,9,23065,39326,62391,0,0,0,0,132941,12486,5301,150728,0,0,0,17826426,332643,18159069,"avril","dimanche",2020
"2122",2020-04-13,0,-3,-3,23065,39323,62388,0,0,0,0,132941,12486,5301,150728,0,0,0,17826426,332643,18159069,"avril","lundi",2020
"2123",2020-04-14,0,0,0,23065,39323,62388,0,0,0,0,132941,12486,5301,150728,0,0,0,17826426,332643,18159069,"avril","mardi",2020
"2124",2020-04-15,0,8,8,23065,39331,62396,0,0,0,0,132941,12486,5301,150728,0,0,0,17826426,332643,18159069,"avril","mercredi",2020
"2125",2020-04-16,-1,3,2,23064,39334,62398,0,0,0,0,132941,12486,5301,150728,0,0,0,17826426,332643,18159069,"avril","jeudi",2020
"2126",2020-04-17,2,13,15,23066,39347,62413,0,0,0,0,132941,12486,5301,150728,0,0,0,17826426,332643,18159069,"avril","vendredi",2020
"2127",2020-04-18,6,4,10,23072,39351,62423,0,0,0,0,132941,12486,5301,150728,0,0,0,17826426,332643,18159069,"avril","samedi",2020
"2128",2020-04-19,3,11,14,23075,39362,62437,0,0,0,0,132941,12486,5301,150728,0,0,0,17826426,332643,18159069,"avril","dimanche",2020
"2129",2020-04-20,3,7,10,23078,39369,62447,0,0,0,0,132941,12486,5301,150728,0,0,0,17826426,332643,18159069,"avril","lundi",2020
"2130",2020-04-21,0,18,18,23078,39387,62465,0,0,0,0,132941,12486,5301,150728,0,0,0,17826426,332643,18159069,"avril","mardi",2020
"2131",2020-04-22,6,41,47,23084,39428,62512,0,0,0,0,132941,12486,5301,150728,580,1,581,17827006,332644,18159650,"avril","mercredi",2020
"2132",2020-04-23,-1,22,21,23083,39450,62533,1,0,0,1,132942,12486,5301,150729,831,2,833,17827837,332646,18160483,"avril","jeudi",2020
"2133",2020-04-24,-3,7,4,23080,39457,62537,3,0,0,3,132945,12486,5301,150732,1037,5,1042,17828874,332651,18161525,"avril","vendredi",2020
"2134",2020-04-25,-2,9,7,23078,39466,62544,0,0,0,0,132945,12486,5301,150732,537,0,537,17829411,332651,18162062,"avril","samedi",2020
"2135",2020-04-26,-3,18,15,23075,39484,62559,1,0,0,1,132946,12486,5301,150733,504,2,506,17829915,332653,18162568,"avril","dimanche",2020
"2136",2020-04-27,-1,21,20,23074,39505,62579,1,0,0,1,132947,12486,5301,150734,1060,1,1061,17830975,332654,18163629,"avril","lundi",2020
"2137",2020-04-28,-16,-16,-32,23058,39489,62547,1,0,0,1,132948,12486,5301,150735,1140,1,1141,17832115,332655,18164770,"avril","mardi",2020
"2138",2020-04-29,14,4,18,23072,39493,62565,1,0,0,1,132949,12486,5301,150736,1351,1,1352,17833466,332656,18166122,"avril","mercredi",2020
"2139",2020-04-30,-29,-42,-71,23043,39451,62494,3,0,0,3,132952,12486,5301,150739,1406,3,1409,17834872,332659,18167531,"avril","jeudi",2020
"2140",2020-05-01,35,38,73,23078,39489,62567,4,0,0,4,132956,12486,5301,150743,702,4,706,17835574,332663,18168237,"mai","vendredi",2020
"2141",2020-05-02,66,233,299,23144,39722,62866,25,4,2,31,132981,12490,5303,150774,2229,37,2266,17837803,332700,18170503,"mai","samedi",2020
"2142",2020-05-03,101,354,455,23245,40076,63321,139,14,9,162,133120,12504,5312,150936,3480,206,3686,17841283,332906,18174189,"mai","dimanche",2020
"2143",2020-05-04,101,311,412,23346,40387,63733,51,2,12,65,133171,12506,5324,151001,4092,132,4224,17845375,333038,18178413,"mai","lundi",2020
"2144",2020-05-05,99,296,395,23445,40683,64128,96,12,17,125,133267,12518,5341,151126,4960,179,5139,17850335,333217,18183552,"mai","mardi",2020
"2145",2020-05-06,91,340,431,23536,41023,64559,93,10,5,108,133360,12528,5346,151234,5259,185,5444,17855594,333402,18188996,"mai","mercredi",2020
"2146",2020-05-07,95,313,408,23631,41336,64967,92,8,13,113,133452,12536,5359,151347,5565,194,5759,17861159,333596,18194755,"mai","jeudi",2020
"2147",2020-05-08,98,378,476,23729,41714,65443,121,33,13,167,133573,12569,5372,151514,6591,239,6830,17867750,333835,18201585,"mai","vendredi",2020
"2148",2020-05-09,184,698,882,23913,42412,66325,262,32,25,319,133835,12601,5397,151833,6501,453,6954,17874251,334288,18208539,"mai","samedi",2020
"2149",2020-05-10,175,549,724,24088,42961,67049,195,11,17,223,134030,12612,5414,152056,5969,376,6345,17880220,334664,18214884,"mai","dimanche",2020
"2150",2020-05-11,59,235,294,24147,43196,67343,52,7,11,70,134082,12619,5425,152126,5533,145,5678,17885753,334809,18220562,"mai","lundi",2020
"2151",2020-05-12,-16,38,22,24131,43234,67365,5,3,0,8,134087,12622,5425,152134,2619,25,2644,17888372,334834,18223206,"mai","mardi",2020
"2152",2020-05-13,23,101,124,24154,43335,67489,66,5,12,83,134153,12627,5437,152217,6361,125,6486,17894733,334959,18229692,"mai","mercredi",2020
"2153",2020-05-14,1,95,96,24155,43430,67585,44,9,5,58,134197,12636,5442,152275,4386,92,4478,17899119,335051,18234170,"mai","jeudi",2020
"2154",2020-05-15,74,239,313,24229,43669,67898,55,13,11,79,134252,12649,5453,152354,4303,118,4421,17903422,335169,18238591,"mai","vendredi",2020
"2155",2020-05-16,169,451,620,24398,44120,68518,144,19,16,179,134396,12668,5469,152533,7341,254,7595,17910763,335423,18246186,"mai","samedi",2020
"2156",2020-05-17,171,510,681,24569,44630,69199,289,18,15,322,134685,12686,5484,152855,8294,479,8773,17919057,335902,18254959,"mai","dimanche",2020
"2157",2020-05-18,78,312,390,24647,44942,69589,96,10,13,119,134781,12696,5497,152974,8763,227,8990,17927820,336129,18263949,"mai","lundi",2020
"2158",2020-05-19,78,294,372,24725,45236,69961,99,10,19,128,134880,12706,5516,153102,9509,241,9750,17937329,336370,18273699,"mai","mardi",2020
"2159",2020-05-20,62,311,373,24787,45547,70334,111,16,15,142,134991,12722,5531,153244,9766,256,10022,17947095,336626,18283721,"mai","mercredi",2020
"2160",2020-05-21,82,289,371,24869,45836,70705,116,15,15,146,135107,12737,5546,153390,10116,240,10356,17957211,336866,18294077,"mai","jeudi",2020
"2161",2020-05-22,89,325,414,24958,46161,71119,140,33,16,189,135247,12770,5562,153579,11501,310,11811,17968712,337176,18305888,"mai","vendredi",2020
"2162",2020-05-23,143,533,676,25101,46694,71795,262,22,29,313,135509,12792,5591,153892,11445,518,11963,17980157,337694,18317851,"mai","samedi",2020
"2163",2020-05-24,101,439,540,25202,47133,72335,284,8,15,307,135793,12800,5606,154199,10018,547,10565,17990175,338241,18328416,"mai","dimanche",2020
"2164",2020-05-25,0,137,137,25202,47270,72472,49,7,8,64,135842,12807,5614,154263,10073,151,10224,18000248,338392,18338640,"mai","lundi",2020
"2165",2020-05-26,-17,20,3,25185,47290,72475,52,4,10,66,135894,12811,5624,154329,11468,142,11610,18011716,338534,18350250,"mai","mardi",2020
"2166",2020-05-27,10,69,79,25195,47359,72554,53,10,6,69,135947,12821,5630,154398,12266,139,12405,18023982,338673,18362655,"mai","mercredi",2020
"2167",2020-05-28,-58,56,-2,25137,47415,72552,67,3,3,73,136014,12824,5633,154471,12549,150,12699,18036531,338823,18375354,"mai","jeudi",2020
"2168",2020-05-29,-4,6,2,25133,47421,72554,80,4,12,96,136094,12828,5645,154567,13675,175,13850,18050206,338998,18389204,"mai","vendredi",2020
"2169",2020-05-30,2,158,160,25135,47579,72714,158,11,6,175,136252,12839,5651,154742,13443,303,13746,18063649,339301,18402950,"mai","samedi",2020
"2170",2020-05-31,-8,123,115,25127,47702,72829,60,5,9,74,136312,12844,5660,154816,8644,151,8795,18072293,339452,18411745,"mai","dimanche",2020
